Flow falls 64x in one epoch and stays there.

  ep dt     inflow      echo  TAX  RES   mode T buy alw res REL CEIL |      A   PK  dd LV W S CD TR |      allow    decided     bought    reserve clamp   kernel flags
----------------------------------------------------------------------------------------------------------------------------------------------------------------------
   1  1  4.000e+16         0  441    0 CRUISE 1 160  32  64   2  432 |  95.00   95   0  8 3 0  0  0 |  5.000e+15  2.500e+16  2.500e+16  1.000e+16     0        - tierup,warm
   2  1  4.075e+16 7.500e+14  442  425 CRUISE 1 160  32  64   2  432 |  96.00   96   0  8 2 0  0  0 |  5.094e+15  2.555e+16  2.555e+16  2.011e+16     0        - warm
   3  1  4.077e+16 7.664e+14  442  433 CRUISE 2 176  16  64   2  424 |  96.00   96   0  8 1 0  0  0 |  2.548e+15  2.818e+16  2.818e+16  3.014e+16     0        - tierup,warm
   4  1  4.085e+16 8.455e+14  442  438 CRUISE 2 176  16  64   2  424 |  96.00   96   0  8 0 0  0  0 |  2.553e+15  2.832e+16  2.832e+16  4.012e+16     0        - warm
   5  1  4.085e+16 8.495e+14  442  441 CRUISE 2 176  16  64   2  424 |  96.00   96   0  8 0 0  0  0 |  2.553e+15  2.840e+16  2.840e+16  5.002e+16     0        - -
   6  1  4.085e+16 8.519e+14  442  444 CRUISE 2 176  16  64   2  424 |  96.00   96   0  8 0 0  0  0 |  2.553e+15  2.848e+16  2.848e+16  5.984e+16     0        - -
   7  1  4.085e+16 8.543e+14  442  446 CRUISE 2 176  16  64   2  424 |  96.00   96   0  8 0 0  0  0 |  2.553e+15  2.855e+16  2.855e+16  6.959e+16     0        - -
   8  1  4.086e+16 8.566e+14  442  448 CRUISE 2 176  16  64   2  424 |  96.00   96   0  8 0 0  0  0 |  2.554e+15  2.863e+16  2.863e+16  7.926e+16     0        - -
   9  1  4.086e+16 8.590e+14  442  449 CRUISE 2 176  16  64   2  424 |  96.00   96   0  8 0 0  0  0 |  2.554e+15  2.871e+16  2.871e+16  8.885e+16     0        - -
  10  1  4.086e+16 8.613e+14  442  450 CRUISE 2 176  16  64   2  424 |  96.00   96   0  8 0 0  0  0 |  2.554e+15  2.879e+16  2.879e+16  9.837e+16     0        - -
  11  1  4.086e+16 8.636e+14  442  451 CRUISE 2 176  16  64   2  424 |  96.00   96   0  8 0 0  0  0 |  2.554e+15  2.886e+16  2.886e+16  1.078e+17     0        - -
  12  1  4.087e+16 8.659e+14  442  452 CRUISE 2 176  16  64   2  424 |  96.00   96   0  8 0 0  0  0 |  2.554e+15  2.894e+16  2.894e+16  1.172e+17     0        - -
  13  1  4.087e+16 8.681e+14  442  454 CRUISE 2 176  16  64   2  424 |  96.00   96   0  8 0 0  0  0 |  2.554e+15  2.901e+16  2.901e+16  1.265e+17     0        - -
  14  1  4.087e+16 8.704e+14  442  455 CRUISE 2 176  16  64   2  424 |  96.00   96   0  8 0 0  0  0 |  2.554e+15  2.909e+16  2.909e+16  1.357e+17     0        - -
  15  1  4.087e+16 8.726e+14  442  456 CRUISE 2 176  16  64   2  424 |  96.00   96   0  8 0 0  0  0 |  2.555e+15  2.916e+16  2.916e+16  1.449e+17     0        - -
  16  1  4.087e+16 8.748e+14  442  457 CRUISE 2 176  16  64   2  424 |  96.00   96   0  8 0 0  0  0 |  2.555e+15  2.923e+16  2.923e+16  1.540e+17     0        - -
  17  1  4.088e+16 8.770e+14  442  457 CRUISE 2 176  16  64   2  424 |  96.00   96   0  8 0 0  0  0 |  2.555e+15  2.931e+16  2.931e+16  1.630e+17     0        - -
  18  1  4.088e+16 8.792e+14  442  458 CRUISE 2 176  16  64   2  424 |  96.00   96   0  8 0 0  0  0 |  2.555e+15  2.938e+16  2.938e+16  1.719e+17     0        - -
  19  1  4.088e+16 8.813e+14  442  458 CRUISE 2 176  16  64   2  424 |  96.00   96   0  8 0 0  0  0 |  2.555e+15  2.945e+16  2.945e+16  1.808e+17     0        - -
  20  1  4.088e+16 8.835e+14  442  459 CRUISE 2 176  16  64   2  424 |  96.00   96   0  8 0 0  0  0 |  2.555e+15  2.952e+16  2.952e+16  1.896e+17     0        - -
  21  1  4.089e+16 8.856e+14  442  459 CRUISE 2 176  16  64   2  424 |  96.00   96   0  8 0 0  0  0 |  2.555e+15  2.959e+16  2.959e+16  1.984e+17     0        - -
  22  1  4.089e+16 8.877e+14  442  460 CRUISE 2 176  16  64   2  424 |  96.00   96   0  8 0 0  0  0 |  2.555e+15  2.966e+16  2.966e+16  2.070e+17     0        - -
  23  1  4.089e+16 8.898e+14  442  460 CRUISE 2 176  16  64   2  424 |  96.00   96   0  8 0 0  0  0 |  2.556e+15  2.973e+16  2.973e+16  2.156e+17     0        - -
  24  1  4.089e+16 8.919e+14  442  460 CRUISE 2 176  16  64   2  424 |  96.00   96   0  8 0 0  0  0 |  2.556e+15  2.980e+16  2.980e+16  2.242e+17     0        - -
  25  1  4.089e+16 8.939e+14  442  461 CRUISE 3 184   8  64   2  416 |  96.00   96   0  8 0 0  0  0 |  1.278e+15  3.114e+16  3.114e+16  2.326e+17     0        - tierup
  26  1  4.093e+16 9.343e+14  442  461 CRUISE 3 184   8  64   2  416 |  96.00   96   0  8 0 0  0  0 |  1.279e+15  3.124e+16  3.124e+16  2.411e+17     0        - -
  27  1  4.094e+16 9.372e+14  442  462 CRUISE 3 184   8  64   2  416 |  96.00   96   0  8 0 0  0  0 |  1.279e+15  3.131e+16  3.131e+16  2.494e+17     0        - -
  28  1  4.094e+16 9.392e+14  442  462 CRUISE 3 184   8  64   2  416 |  96.00   96   0  8 0 0  0  0 |  1.279e+15  3.137e+16  3.137e+16  2.577e+17     0        - -
  29  1  4.094e+16 9.412e+14  442  463 CRUISE 3 184   8  64   2  416 |  96.00   96   0  8 0 0  0  0 |  1.279e+15  3.144e+16  3.144e+16  2.659e+17     0        - -
  30  1  4.094e+16 9.432e+14  442  463 CRUISE 3 184   8  64   2  416 |  96.00   96   0  8 0 0  0  0 |  1.279e+15  3.151e+16  3.151e+16  2.741e+17     0        - -
  31  1  4.095e+16 9.452e+14  442  464 CRUISE 3 184   8  64   2  416 |  96.00   96   0  8 0 0  0  0 |  1.280e+15  3.157e+16  3.157e+16  2.822e+17     0        - -
  32  1  4.095e+16 9.471e+14  442  464 CRUISE 3 184   8  64   2  416 |  96.00   96   0  8 0 0  0  0 |  1.280e+15  3.164e+16  3.164e+16  2.902e+17     0        - -
  33  1  4.095e+16 9.491e+14  442  465 CRUISE 3 184   8  64   2  416 |  96.00   96   0  8 0 0  0  0 |  1.280e+15  3.170e+16  3.170e+16  2.982e+17     0        - -
  34  1  4.095e+16 9.510e+14  442  465 CRUISE 3 184   8  64   2  416 |  96.00   96   0  8 0 0  0  0 |  1.280e+15  3.176e+16  3.176e+16  3.061e+17     0        - -
  35  1  4.095e+16 9.529e+14  442  465 CRUISE 3 184   8  64   2  416 |  96.00   96   0  8 0 0  0  0 |  1.280e+15  3.183e+16  3.183e+16  3.139e+17     0        - -
  36  1  4.095e+16 9.548e+14  442  465 CRUISE 3 184   8  64   2  416 |  96.00   96   0  8 0 0  0  0 |  1.280e+15  3.189e+16  3.189e+16  3.217e+17     0        - -
  37  1  4.096e+16 9.567e+14  442  465 CRUISE 3 184   8  64   2  416 |  96.00   96   0  8 0 0  0  0 |  1.280e+15  3.195e+16  3.195e+16  3.294e+17     0        - -
  38  1  4.096e+16 9.585e+14  442  466 CRUISE 3 184   8  64   2  416 |  96.00   96   0  8 0 0  0  0 |  1.280e+15  3.201e+16  3.201e+16  3.371e+17     0        - -
  39  1  4.096e+16 9.604e+14  442  466 CRUISE 3 184   8  64   2  416 |  96.00   96   0  8 0 0  0  0 |  1.280e+15  3.207e+16  3.207e+16  3.447e+17     0        - -
  40  1  4.096e+16 9.622e+14  442  466 CRUISE 3 184   8  64   2  416 |  96.00   96   0  8 0 0  0  0 |  1.280e+15  3.213e+16  3.213e+16  3.523e+17     0        - -
  41  1  4.096e+16 9.640e+14  442  466 CRUISE 3 184   8  64   2  416 |  96.00   96   0  8 0 0  0  0 |  1.280e+15  3.219e+16  3.219e+16  3.598e+17     0        - -
  42  1  4.097e+16 9.658e+14  442  466 CRUISE 3 184   8  64   2  416 |  96.00   96   0  8 0 0  0  0 |  1.280e+15  3.225e+16  3.225e+16  3.672e+17     0        - -
  43  1  4.097e+16 9.676e+14  442  467 CRUISE 3 184   8  64   2  416 |  96.00   96   0  8 0 0  0  0 |  1.280e+15  3.231e+16  3.231e+16  3.746e+17     0        - -
  44  1  4.097e+16 9.694e+14  442  467 CRUISE 3 184   8  64   2  416 |  96.00   96   0  8 0 0  0  0 |  1.280e+15  3.237e+16  3.237e+16  3.819e+17     0        - -
  45  1  4.097e+16 9.712e+14  442  467 CRUISE 3 184   8  64   2  416 |  96.00   96   0  8 0 0  0  0 |  1.280e+15  3.243e+16  3.243e+16  3.891e+17     0        - -
  46  1  4.097e+16 9.729e+14  442  467 CRUISE 3 184   8  64   2  416 |  96.00   96   0  8 0 0  0  0 |  1.280e+15  3.249e+16  3.249e+16  3.963e+17     0        - -
  47  1  4.097e+16 9.747e+14  442  468 CRUISE 3 184   8  64   2  416 |  96.00   96   0  8 0 0  0  0 |  1.280e+15  3.255e+16  3.255e+16  4.035e+17     0        - -
  48  1  4.098e+16 9.764e+14  442  468 CRUISE 3 184   8  64   2  416 |  96.00   96   0  8 0 0  0  0 |  1.281e+15  3.260e+16  3.260e+16  4.106e+17     0        - -
  49  1  4.098e+16 9.781e+14  442  468 CRUISE 3 184   8  64   2  416 |  96.00   96   0  8 0 0  0  0 |  1.281e+15  3.266e+16  3.266e+16  4.176e+17     0        - -
  50  1  4.098e+16 9.798e+14  442  468 CRUISE 3 184   8  64   2  416 |  96.00   96   0  8 0 0  0  0 |  1.281e+15  3.272e+16  3.272e+16  4.246e+17     0        - -
  51  1  4.098e+16 9.815e+14  442  468 CRUISE 3 184   8  64   2  416 |  96.00   96   0  8 0 0  0  0 |  1.281e+15  3.277e+16  3.277e+16  4.315e+17     0        - -
  52  1  4.098e+16 9.832e+14  442  468 CRUISE 3 184   8  64   2  416 |  96.00   96   0  8 0 0  0  0 |  1.281e+15  3.283e+16  3.283e+16  4.384e+17     0        - -
  53  1  4.098e+16 9.848e+14  442  469 CRUISE 3 184   8  64   2  416 |  96.00   96   0  8 0 0  0  0 |  1.281e+15  3.288e+16  3.288e+16  4.452e+17     0        - -
  54  1  4.099e+16 9.865e+14  442  469 CRUISE 3 184   8  64   2  416 |  96.00   96   0  8 0 0  0  0 |  1.281e+15  3.294e+16  3.294e+16  4.520e+17     0        - -
  55  1  4.099e+16 9.881e+14  442  469 CRUISE 3 184   8  64   2  416 |  96.00   96   0  8 0 0  0  0 |  1.281e+15  3.299e+16  3.299e+16  4.587e+17     0        - -
  56  1  4.099e+16 9.897e+14  442  469 CRUISE 3 184   8  64   2  416 |  96.00   96   0  8 0 0  0  0 |  1.281e+15  3.304e+16  3.304e+16  4.654e+17     0        - -
  57  1  4.099e+16 9.913e+14  442  469 CRUISE 3 184   8  64   2  416 |  96.00   96   0  8 0 0  0  0 |  1.281e+15  3.310e+16  3.310e+16  4.720e+17     0        - -
  58  1  4.099e+16 9.929e+14  442  470 CRUISE 3 184   8  64   2  416 |  96.00   96   0  8 0 0  0  0 |  1.281e+15  3.315e+16  3.315e+16  4.785e+17     0        - -
  59  1  4.099e+16 9.945e+14  442  470 CRUISE 3 184   8  64   2  416 |  96.00   96   0  8 0 0  0  0 |  1.281e+15  3.320e+16  3.320e+16  4.850e+17     0        - -
  60  1  4.100e+16 9.961e+14  442  470 CRUISE 3 184   8  64   2  416 |  96.00   96   0  8 0 0  0  0 |  1.281e+15  3.326e+16  3.326e+16  4.915e+17     0        - -
  61  1  1.623e+15 9.977e+14  404  470 CRUISE 3 184   8  64   2  416 |  93.00   96   3  8 0 0  0  0 |  5.071e+13  5.006e+15  5.006e+15  4.881e+17     0        - dip
  62  1  7.752e+14 1.502e+14  396  470 CRUISE 3 184   8  64   2  416 |  90.00   96   6  8 0 0  0  0 |  2.422e+13  4.370e+15  4.370e+15  4.845e+17     0        - dip
  63  1  7.561e+14 1.311e+14  395  470 CRUISE 3 184   8  64   2  416 |  87.00   96   9  8 0 0  0  0 |  2.363e+13  4.328e+15  4.328e+15  4.809e+17     0        - dip
  64  1  7.548e+14 1.298e+14  395  470 CRUISE 3 184   8  64   2  416 |  84.00   95  11  8 0 0  0  0 |  2.359e+13  4.299e+15  4.299e+15  4.773e+17     0        - dip
  65  1  7.540e+14 1.290e+14  395  470 CRUISE 3 184   8  64   2  416 |  81.00   95  14  8 0 0  0  0 |  2.356e+13  4.271e+15  4.271e+15  4.738e+17     0        - dip
  66  1  7.531e+14 1.281e+14  395  470 DEFEND 3 256   0   0  34  416 |  78.00   95  17  8 0 0  0  3 |          0  6.367e+16  6.367e+16  4.108e+17     0        - dip,release
  67  1  2.535e+15 1.910e+15  410  468 DEFEND 3 256   0   0  40  416 |  75.00   95  20  8 0 0  0  2 |          0  6.673e+16  6.673e+16  3.466e+17     0        - dip,release
  68  1  2.627e+15 2.002e+15  410  466 DEFEND 3 256   0   0  44  416 |  72.25   94  22  8 0 0  0  1 |          0  6.221e+16  6.221e+16  2.871e+17     0        - dip,release
  69  1  2.491e+15 1.866e+15  409  464 DEFEND 3 256   0   0  50  416 |  69.75   94  25  8 0 0  0  0 |          0  5.856e+16  5.856e+16  2.310e+17     0        - dip,release
  70  1  2.382e+15 1.757e+15  409  461   REST 3 184   8  64   2  416 |  68.00   94  26  8 0 0  5  0 |  7.443e+13  3.517e+15  3.517e+15  2.298e+17     0        - cooldown
  71  1  7.305e+14 1.055e+14  395  461   REST 3 184   8  64   2  416 |  65.00   94  29  8 0 0  4  0 |  2.283e+13  2.320e+15  2.320e+15  2.282e+17     0        - dip,cooldown
  72  1  6.946e+14 6.961e+13  394  461   REST 3 184   8  64   2  416 |  62.00   93  31  8 0 0  3  0 |  2.171e+13  2.282e+15  2.282e+15  2.266e+17     0        - dip,cooldown
  73  1  6.935e+14 6.846e+13  394  461   REST 3 184   8  64   2  416 |  59.00   93  34  8 0 0  2  0 |  2.167e+13  2.268e+15  2.268e+15  2.250e+17     0        - dip,cooldown
  74  1  6.931e+14 6.805e+13  394  461   REST 3 184   8  64   2  416 |  56.25   93  37  8 0 0  1  0 |  2.166e+13  2.256e+15  2.256e+15  2.234e+17     0        - dip,cooldown
  75  1  6.927e+14 6.767e+13  394  461   REST 3 184   8  64   2  416 |  54.00   93  39  8 0 0  0  0 |  2.165e+13  2.243e+15  2.243e+15  2.218e+17     0        - dip,cooldown
  76  1  6.923e+14 6.729e+13  394  461 DEFEND 3 256   0   0  64  416 |  52.50   92  40  8 0 0  0  3 |          0  5.614e+16  5.614e+16  1.664e+17     0        - release
  77  1  2.309e+15 1.684e+15  409  458 DEFEND 3 256   0   0  64  416 |  55.00   92  37  8 0 0  0  2 |          0  4.390e+16  4.390e+16  1.248e+17     0        - release
  78  1  1.942e+15 1.317e+15  406  454 DEFEND 3 256   0   0  64  416 |  56.25   92  36  8 0 0  0  1 |          0  3.313e+16  3.313e+16  9.358e+16     0        - release
  79  1  1.619e+15 9.940e+14  404  451 DEFEND 3 256   0   0  64  416 |  56.50   92  36  8 0 0  0  0 |          0  2.501e+16  2.501e+16  7.018e+16     0        - release
  80  1  1.375e+15 7.504e+14  402  448   REST 3 184   8  64   2  416 |  56.25   91  35  8 0 0  5  0 |  4.298e+13  1.537e+15  1.537e+15  6.998e+16     0        - cooldown
  81  1  6.711e+14 4.611e+13  394  448   REST 3 184   8  64   2  416 |  54.00   91  37  8 0 0  4  0 |  2.097e+13  1.029e+15  1.029e+15  6.960e+16     0        - dip,cooldown
  82  1  6.559e+14 3.087e+13  394  448   REST 3 184   8  64   2  416 |  52.50   91  39  8 0 0  3  0 |  2.050e+13  1.015e+15  1.015e+15  6.922e+16     0        - cooldown
  83  1  6.555e+14 3.045e+13  394  448   REST 3 184   8  64   2  416 |  51.25   91  40  8 0 0  2  0 |  2.048e+13  1.012e+15  1.012e+15  6.884e+16     0        - cooldown
  84  1  6.554e+14 3.036e+13  394  448   REST 3 184   8  64   2  416 |  50.25   90  40  8 0 0  1  0 |  2.048e+13  1.009e+15  1.009e+15  6.847e+16     0        - cooldown
  85  1  6.553e+14 3.027e+13  394  448   REST 3 184   8  64   2  416 |  49.50   90  41  8 0 0  0  0 |  2.048e+13  1.006e+15  1.006e+15  6.810e+16     0        - cooldown
  86  1  6.552e+14 3.018e+13  394  448 DEFEND 3 256   0   0  64  416 |  49.00   90  41  8 0 0  0  3 |          0  1.768e+16  1.768e+16  5.107e+16     0        - release
  87  1  1.155e+15 5.304e+14  401  444 DEFEND 3 256   0   0  64  416 |  50.50   90  40  8 0 0  0  2 |          0  1.392e+16  1.392e+16  3.830e+16     0        - release
  88  1  1.043e+15 4.177e+14  399  441 DEFEND 3 256   0   0  64  416 |  51.00   89  38  8 0 0  0  1 |          0  1.062e+16  1.062e+16  2.873e+16     0        - release
  89  1  9.436e+14 3.186e+14  398  437 DEFEND 3 256   0   0  64  416 |  51.25   89  38  8 0 0  0  0 |          0  8.126e+15  8.126e+15  2.155e+16     0        - release
  90  1  8.688e+14 2.438e+14  397  434   REST 3 184   8  64   2  416 |  51.00   89  38  8 0 0  5  0 |  2.715e+13  7.928e+14  7.928e+14  2.160e+16     0        - cooldown
  91  1  6.488e+14 2.378e+13  394  434   REST 3 184   8  64   2  416 |  50.25   89  39  8 0 0  4  0 |  2.027e+13  6.350e+14  6.350e+14  2.159e+16     0        - cooldown
  92  1  6.441e+14 1.905e+13  394  434   REST 3 184   8  64   2  416 |  49.50   88  39  8 0 0  3  0 |  2.013e+13  6.316e+14  6.316e+14  2.158e+16     0        - cooldown
  93  1  6.439e+14 1.895e+13  394  434   REST 3 184   8  64   2  416 |  49.00   88  39  8 0 0  2  0 |  2.012e+13  6.314e+14  6.314e+14  2.157e+16     0        - cooldown
  94  1  6.439e+14 1.894e+13  394  434   REST 3 184   8  64   2  416 |  48.75   88  40  8 0 0  1  0 |  2.012e+13  6.314e+14  6.314e+14  2.157e+16     0        - cooldown
  95  1  6.439e+14 1.894e+13  394  434   REST 3 184   8  64   2  416 |  48.50   88  40  8 0 0  0  0 |  2.012e+13  6.313e+14  6.313e+14  2.156e+16     0        - cooldown
  96  1  6.439e+14 1.894e+13  394  434 DEFEND 3 256   0   0  64  416 |  48.25   87  39  8 0 0  0  3 |          0  6.034e+15  6.034e+15  1.617e+16     0        - release
  97  1  8.060e+14 1.810e+14  396  431 DEFEND 3 256   0   0  64  416 |  48.50   87  39  8 0 0  0  2 |          0  4.848e+15  4.848e+15  1.213e+16     0        - release
  98  1  7.704e+14 1.454e+14  395  427 DEFEND 3 256   0   0  64  416 |  48.50   87  39  8 0 0  0  1 |          0  3.802e+15  3.802e+15  9.095e+15     0        - release
  99  1  7.391e+14 1.141e+14  395  425 DEFEND 3 256   0   0  64  416 |  48.50   87  39  8 0 0  0  0 |          0  3.013e+15  3.013e+15  6.821e+15     0        - release
 100  1  7.154e+14 9.038e+13  395  421   REST 3 184   8  64   2  416 |  48.50   86  38  8 0 0  5  0 |  2.236e+13  5.675e+14  5.675e+14  6.947e+15     0        - cooldown
 101  1  6.420e+14 1.702e+13  394  421   REST 3 184   8  64   2  416 |  48.25   86  38  8 0 0  4  0 |  2.006e+13  5.157e+14  5.157e+14  7.053e+15     0        - cooldown
 102  1  6.405e+14 1.547e+13  394  421   REST 3 184   8  64   2  416 |  48.00   86  38  8 0 0  3  0 |  2.001e+13  5.154e+14  5.154e+14  7.158e+15     0        - cooldown
 103  1  6.405e+14 1.546e+13  394  421   REST 3 184   8  64   2  416 |  48.00   86  38  8 0 0  2  0 |  2.001e+13  5.163e+14  5.163e+14  7.262e+15     0        - cooldown
 104  1  6.405e+14 1.549e+13  394  421   REST 3 184   8  64   2  416 |  48.00   85  37  8 0 0  1  0 |  2.002e+13  5.171e+14  5.171e+14  7.366e+15     0        - cooldown
 105  1  6.405e+14 1.551e+13  394  422   REST 3 184   8  64   2  416 |  48.00   85  37  8 0 0  0  0 |  2.002e+13  5.179e+14  5.179e+14  7.468e+15     0        - cooldown
 106  1  6.405e+14 1.554e+13  394  422 DEFEND 3 256   0   0  64  416 |  48.00   85  37  8 0 0  0  3 |          0  2.508e+15  2.508e+15  5.601e+15     0        - release
 107  1  7.002e+14 7.523e+13  394  418 DEFEND 3 256   0   0  64  416 |  48.00   85  37  8 0 0  0  2 |          0  2.101e+15  2.101e+15  4.201e+15     0        - release
 108  1  6.880e+14 6.302e+13  394  415 DEFEND 3 256   0   0  64  416 |  48.00   84  36  8 0 0  0  1 |          0  1.738e+15  1.738e+15  3.151e+15     0        - release
 109  1  6.771e+14 5.215e+13  394  412 DEFEND 3 256   0   0  64  416 |  48.00   84  36  8 0 0  0  0 |          0  1.465e+15  1.465e+15  2.363e+15     0        - release
 110  1  6.689e+14 4.394e+13  394  409   REST 3 184   8  64   2  416 |  48.00   84  36  8 0 0  5  0 |  2.090e+13  4.993e+14  4.993e+14  2.512e+15     0        - cooldown
 111  1  6.400e+14 1.498e+13  394  409   REST 3 184   8  64   2  416 |  48.00   84  36  8 0 0  4  0 |  2.000e+13  4.796e+14  4.796e+14  2.652e+15     0        - cooldown
 112  1  6.394e+14 1.439e+13  394  410   REST 3 184   8  64   2  416 |  48.00   83  35  8 0 0  3  0 |  1.998e+13  4.803e+14  4.803e+14  2.791e+15     0        - cooldown
 113  1  6.394e+14 1.441e+13  394  410   REST 3 184   8  64   2  416 |  48.00   83  35  8 0 0  2  0 |  1.998e+13  4.814e+14  4.814e+14  2.929e+15     0        - cooldown
 114  1  6.394e+14 1.444e+13  394  411   REST 3 184   8  64   2  416 |  48.00   83  35  8 0 0  1  0 |  1.998e+13  4.825e+14  4.825e+14  3.066e+15     0        - cooldown
 115  1  6.395e+14 1.447e+13  394  411   REST 3 184   8  64   2  416 |  48.00   83  35  8 0 0  0  0 |  1.998e+13  4.836e+14  4.836e+14  3.202e+15     0        - cooldown
 116  1  6.395e+14 1.451e+13  394  412 DEFEND 3 256   0   0  64  416 |  48.00   82  34  8 0 0  0  3 |          0  1.440e+15  1.440e+15  2.402e+15     0        - release
 117  1  6.682e+14 4.320e+13  394  409 DEFEND 3 256   0   0  64  416 |  48.00   82  34  8 0 0  0  2 |          0  1.269e+15  1.269e+15  1.801e+15     0        - release
 118  1  6.631e+14 3.806e+13  394  405 DEFEND 3 256   0   0  64  416 |  48.00   82  34  8 0 0  0  1 |          0  1.113e+15  1.113e+15  1.351e+15     0        - release
 119  1  6.584e+14 3.340e+13  394  402 DEFEND 3 256   0   0  64  416 |  48.00   82  34  8 0 0  0  0 |          0  9.961e+14  9.961e+14  1.013e+15     0        - release
 120  1  6.549e+14 2.988e+13  394  399   REST 3 184   8  64   2  416 |  48.00   81  33  8 0 0  5  0 |  2.047e+13  4.786e+14  4.786e+14  1.169e+15     0        - cooldown
 121  1  6.394e+14 1.436e+13  394  401   REST 3 184   8  64   2  416 |  48.00   81  33  8 0 0  4  0 |  1.998e+13  4.687e+14  4.687e+14  1.320e+15     0        - cooldown
 122  1  6.391e+14 1.406e+13  394  402   REST 3 184   8  64   2  416 |  48.00   81  33  8 0 0  3  0 |  1.997e+13  4.696e+14  4.696e+14  1.469e+15     0        - cooldown
 123  1  6.391e+14 1.409e+13  394  403   REST 3 184   8  64   2  416 |  48.00   81  33  8 0 0  2  0 |  1.997e+13  4.708e+14  4.708e+14  1.617e+15     0        - cooldown
 124  1  6.391e+14 1.412e+13  394  404   REST 3 184   8  64   2  416 |  48.00   80  32  8 0 0  1  0 |  1.997e+13  4.720e+14  4.720e+14  1.765e+15     0        - cooldown
 125  1  6.392e+14 1.416e+13  394  405   REST 3 184   8  64   2  416 |  48.00   80  32  8 0 0  0  0 |  1.997e+13  4.732e+14  4.732e+14  1.911e+15     0        - cooldown
 126  1  6.392e+14 1.420e+13  394  406 DEFEND 3 256   0   0  64  416 |  48.00   80  32  8 0 0  0  3 |          0  1.117e+15  1.117e+15  1.433e+15     0        - release
 127  1  6.585e+14 3.351e+13  394  403 DEFEND 3 256   0   0  64  416 |  48.00   80  32  8 0 0  0  2 |          0  1.017e+15  1.017e+15  1.075e+15     0        - release
 128  1  6.555e+14 3.050e+13  394  400 DEFEND 3 256   0   0  62  416 |  48.00   79  31  8 0 0  0  1 |          0  9.158e+14  9.158e+14  8.144e+14     0        - release
 129  1  6.525e+14 2.747e+13  394  396 DEFEND 3 256   0   0  62  416 |  48.00   79  31  8 0 0  0  0 |          0  8.497e+14  8.497e+14  6.172e+14     0        - release
 130  1  6.505e+14 2.549e+13  394  393   REST 3 184   8  64   2  416 |  48.00   79  31  8 0 0  5  0 |  2.033e+13  4.724e+14  4.724e+14  7.750e+14     0        - cooldown
 131  1  6.392e+14 1.417e+13  394  396   REST 3 184   8  64   2  416 |  48.00   79  31  8 0 0  4  0 |  1.997e+13  4.655e+14  4.655e+14  9.287e+14     0        - cooldown
 132  1  6.390e+14 1.396e+13  394  398   REST 3 184   8  64   2  416 |  48.00   78  30  8 0 0  3  0 |  1.997e+13  4.665e+14  4.665e+14  1.081e+15     0        - cooldown
 133  1  6.390e+14 1.400e+13  394  400   REST 3 184   8  64   2  416 |  48.00   78  30  8 0 0  2  0 |  1.997e+13  4.677e+14  4.677e+14  1.233e+15     0        - cooldown
 134  1  6.390e+14 1.403e+13  394  401   REST 3 184   8  64   2  416 |  48.00   78  30  8 0 0  1  0 |  1.997e+13  4.689e+14  4.689e+14  1.383e+15     0        - cooldown
 135  1  6.391e+14 1.407e+13  394  402   REST 3 184   8  64   2  416 |  48.00   78  30  8 0 0  0  0 |  1.997e+13  4.701e+14  4.701e+14  1.532e+15     0        - cooldown
 136  1  6.391e+14 1.410e+13  394  403 DEFEND 3 256   0   0  58  416 |  48.00   77  29  8 0 0  0  3 |          0  9.861e+14  9.861e+14  1.185e+15     0        - release
 137  1  6.546e+14 2.958e+13  394  401 DEFEND 3 256   0   0  58  416 |  48.00   77  29  8 0 0  0  2 |          0  9.230e+14  9.230e+14  9.162e+14     0        - release
 138  1  6.527e+14 2.769e+13  394  398 DEFEND 3 256   0   0  58  416 |  48.00   77  29  8 0 0  0  1 |          0  8.603e+14  8.603e+14  7.086e+14     0        - release
 139  1  6.508e+14 2.581e+13  394  395 DEFEND 3 256   0   0  58  416 |  48.00   77  29  8 0 0  0  0 |          0  8.114e+14  8.114e+14  5.481e+14     0        - release
 140  1  6.493e+14 2.434e+13  394  392   REST 3 184   8  64   2  416 |  48.00   76  28  8 0 0  5  0 |  2.029e+13  4.710e+14  4.710e+14  7.061e+14     0        - cooldown
 141  1  6.391e+14 1.413e+13  394  395   REST 3 184   8  64   2  416 |  48.00   76  28  8 0 0  4  0 |  1.997e+13  4.649e+14  4.649e+14  8.604e+14     0        - cooldown
 142  1  6.389e+14 1.395e+13  394  397   REST 3 184   8  64   2  416 |  48.00   76  28  8 0 0  3  0 |  1.997e+13  4.660e+14  4.660e+14  1.013e+15     0        - cooldown
 143  1  6.390e+14 1.398e+13  394  399   REST 3 184   8  64   2  416 |  48.00   76  28  8 0 0  2  0 |  1.997e+13  4.672e+14  4.672e+14  1.165e+15     0        - cooldown
 144  1  6.390e+14 1.402e+13  394  401   REST 3 184   8  64   2  416 |  48.00   75  27  8 0 0  1  0 |  1.997e+13  4.684e+14  4.684e+14  1.316e+15     0        - cooldown
 145  1  6.391e+14 1.405e+13  394  402   REST 3 184   8  64   2  416 |  48.00   75  27  8 0 0  0  0 |  1.997e+13  4.696e+14  4.696e+14  1.465e+15     0        - cooldown
 146  1  6.391e+14 1.409e+13  394  403 DEFEND 3 256   0   0  54  416 |  48.00   75  27  8 0 0  0  3 |          0  9.482e+14  9.482e+14  1.156e+15     0        - release
 147  1  6.534e+14 2.845e+13  394  401 DEFEND 3 256   0   0  54  416 |  48.00   75  27  8 0 0  0  2 |          0  8.973e+14  8.973e+14  9.124e+14     0        - release
 148  1  6.519e+14 2.692e+13  394  397 DEFEND 3 256   0   0  52  416 |  48.00   74  26  8 0 0  0  1 |          0  8.372e+14  8.372e+14  7.270e+14     0        - release
 149  1  6.501e+14 2.512e+13  394  395 DEFEND 3 256   0   0  52  416 |  48.00   74  26  8 0 0  0  0 |          0  7.978e+14  7.978e+14  5.794e+14     0        - release
 150  1  6.489e+14 2.393e+13  394  393   REST 3 184   8  64   2  416 |  48.00   74  26  8 0 0  5  0 |  2.028e+13  4.709e+14  4.709e+14  7.371e+14     0        - cooldown
 151  1  6.391e+14 1.413e+13  394  395   REST 3 184   8  64   2  416 |  48.00   74  26  8 0 0  4  0 |  1.997e+13  4.651e+14  4.651e+14  8.911e+14     0        - cooldown
 152  1  6.390e+14 1.395e+13  394  397   REST 3 184   8  64   2  416 |  48.00   73  25  8 0 0  3  0 |  1.997e+13  4.662e+14  4.662e+14  1.044e+15     0        - cooldown
 153  1  6.390e+14 1.399e+13  394  399   REST 3 184   8  64   2  416 |  48.00   73  25  8 0 0  2  0 |  1.997e+13  4.674e+14  4.674e+14  1.195e+15     0        - cooldown
 154  1  6.390e+14 1.402e+13  394  401   REST 3 184   8  64   2  416 |  48.00   73  25  8 0 0  1  0 |  1.997e+13  4.686e+14  4.686e+14  1.346e+15     0        - cooldown
 155  1  6.391e+14 1.406e+13  394  402   REST 3 184   8  64   2  416 |  48.00   73  25  8 0 0  0  0 |  1.997e+13  4.698e+14  4.698e+14  1.495e+15     0        - cooldown
 156  1  6.391e+14 1.410e+13  394  403 DEFEND 3 256   0   0  48  416 |  48.00   72  24  8 0 0  0  3 |          0  9.194e+14  9.194e+14  1.215e+15     0        - release
 157  1  6.526e+14 2.758e+13  394  401 DEFEND 3 256   0   0  48  416 |  48.00   72  24  8 0 0  0  2 |          0  8.804e+14  8.804e+14  9.870e+14     0        - release
 158  1  6.514e+14 2.641e+13  394  399 DEFEND 3 256   0   0  48  416 |  48.00   72  24  8 0 0  0  1 |          0  8.365e+14  8.365e+14  8.020e+14     0        - release
 159  1  6.501e+14 2.509e+13  394  396 DEFEND 3 256   0   0  48  416 |  48.00   72  24  8 0 0  0  0 |          0  8.005e+14  8.005e+14  6.516e+14     0        - release
 160  1  6.490e+14 2.401e+13  394  394   REST 3 184   8  64   2  416 |  48.00   71  23  8 0 0  5  0 |  2.028e+13  4.716e+14  4.716e+14  8.088e+14     0        - cooldown
 161  1  6.391e+14 1.415e+13  394  396   REST 3 184   8  64   2  416 |  48.00   71  23  8 0 0  4  0 |  1.997e+13  4.657e+14  4.657e+14  9.622e+14     0        - cooldown
 162  1  6.390e+14 1.397e+13  394  398   REST 3 184   8  64   2  416 |  48.00   71  23  8 0 0  3  0 |  1.997e+13  4.668e+14  4.668e+14  1.114e+15     0        - cooldown
 163  1  6.390e+14 1.400e+13  394  400   REST 3 184   8  64   2  416 |  48.00   71  23  8 0 0  2  0 |  1.997e+13  4.680e+14  4.680e+14  1.265e+15     0        - cooldown
 164  1  6.390e+14 1.404e+13  394  401   REST 3 184   8  64   2  416 |  48.00   70  22  8 0 0  1  0 |  1.997e+13  4.692e+14  4.692e+14  1.415e+15     0        - cooldown
 165  1  6.391e+14 1.408e+13  394  403   REST 3 184   8  64   2  416 |  48.00   70  22  8 0 0  0  0 |  1.997e+13  4.704e+14  4.704e+14  1.564e+15     0        - cooldown
 166  1  6.391e+14 1.411e+13  394  404 DEFEND 3 256   0   0  44  416 |  48.00   70  22  8 0 0  0  3 |          0  9.079e+14  9.079e+14  1.295e+15     0        - release
 167  1  6.522e+14 2.724e+13  394  402 DEFEND 3 256   0   0  44  416 |  48.00   70  22  8 0 0  0  2 |          0  8.749e+14  8.749e+14  1.073e+15     0        - release
 168  1  6.512e+14 2.625e+13  394  400 DEFEND 3 256   0   0  42  416 |  48.00   69  21  8 0 0  0  1 |          0  8.272e+14  8.272e+14  8.966e+14     0        - release
 169  1  6.498e+14 2.482e+13  394  397 DEFEND 3 256   0   0  42  416 |  48.00   69  21  8 0 0  0  0 |          0  7.969e+14  7.969e+14  7.495e+14     0        - release
 170  1  6.489e+14 2.391e+13  394  395   REST 3 184   8  64   2  416 |  48.00   69  21  8 0 0  5  0 |  2.028e+13  4.723e+14  4.723e+14  9.059e+14     0        - cooldown
 171  1  6.392e+14 1.417e+13  394  397   REST 3 184   8  64   2  416 |  48.00   69  21  8 0 0  4  0 |  1.997e+13  4.665e+14  4.665e+14  1.059e+15     0        - cooldown
 172  1  6.390e+14 1.399e+13  394  400   REST 3 184   8  64   2  416 |  48.00   68  20  8 0 0  3  0 |  1.997e+13  4.675e+14  4.675e+14  1.210e+15     0        - cooldown
 173  1  6.390e+14 1.403e+13  394  401   REST 3 184   8  64   2  416 |  48.00   68  20  8 0 0  2  0 |  1.997e+13  4.688e+14  4.688e+14  1.360e+15     0        - cooldown
 174  1  6.391e+14 1.406e+13  394  402   REST 3 184   8  64   2  416 |  48.00   68  20  8 0 0  1  0 |  1.997e+13  4.700e+14  4.700e+14  1.510e+15     0        - cooldown
 175  1  6.391e+14 1.410e+13  394  403   REST 3 184   8  64   2  416 |  48.00   68  20  8 0 0  0  0 |  1.997e+13  4.711e+14  4.711e+14  1.658e+15     0        - cooldown
 176  1  6.391e+14 1.413e+13  394  404 DEFEND 3 256   0   0  38  416 |  48.00   67  19  8 0 0  0  3 |          0  8.852e+14  8.852e+14  1.411e+15     0        - release
 177  1  6.516e+14 2.656e+13  394  403 DEFEND 3 256   0   0  38  416 |  48.00   67  19  8 0 0  0  2 |          0  8.611e+14  8.611e+14  1.202e+15     0        - release
 178  1  6.508e+14 2.583e+13  394  401 DEFEND 3 256   0   0  38  416 |  48.00   67  19  8 0 0  0  1 |          0  8.292e+14  8.292e+14  1.024e+15     0        - release
 179  1  6.499e+14 2.488e+13  394  399 DEFEND 3 256   0   0  38  416 |  48.00   67  19  8 0 0  0  0 |          0  8.018e+14  8.018e+14  8.716e+14     0        - release
 180  1  6.491e+14 2.405e+13  394  397   REST 3 184   8  64   2  416 |  48.00   66  18  8 0 0  5  0 |  2.028e+13  4.733e+14  4.733e+14  1.027e+15     0        - cooldown

crash                  ep  180 settles  180  in 2.475e+18  allow   4.6%  bought  95.4%  left   0.0%  maxRes  35.7 ep  tier 3  clamp 0  {'CRUISE': 65, 'DEFEND': 48, 'REST': 67}  [echo 2.9%]
