Slow bleed: 10% less tax every epoch.

  ep dt     inflow      echo  TAX  RES   mode T buy alw res REL CEIL |      A   PK  dd LV W S CD TR |      allow    decided     bought    reserve clamp   kernel flags
----------------------------------------------------------------------------------------------------------------------------------------------------------------------
   1  1  4.000e+16         0  441    0 CRUISE 1 160  32  64   2  432 |  95.00   95   0  8 3 0  0  0 |  5.000e+15  2.500e+16  2.500e+16  1.000e+16     0        - tierup,warm
   2  1  4.075e+16 7.500e+14  442  425 CRUISE 1 160  32  64   2  432 |  96.00   96   0  8 2 0  0  0 |  5.094e+15  2.555e+16  2.555e+16  2.011e+16     0        - warm
   3  1  4.077e+16 7.664e+14  442  433 CRUISE 2 176  16  64   2  424 |  96.00   96   0  8 1 0  0  0 |  2.548e+15  2.818e+16  2.818e+16  3.014e+16     0        - tierup,warm
   4  1  4.085e+16 8.455e+14  442  438 CRUISE 2 176  16  64   2  424 |  96.00   96   0  8 0 0  0  0 |  2.553e+15  2.832e+16  2.832e+16  4.012e+16     0        - warm
   5  1  4.085e+16 8.495e+14  442  441 CRUISE 2 176  16  64   2  424 |  96.00   96   0  8 0 0  0  0 |  2.553e+15  2.840e+16  2.840e+16  5.002e+16     0        - -
   6  1  4.085e+16 8.519e+14  442  444 CRUISE 2 176  16  64   2  424 |  96.00   96   0  8 0 0  0  0 |  2.553e+15  2.848e+16  2.848e+16  5.984e+16     0        - -
   7  1  4.085e+16 8.543e+14  442  446 CRUISE 2 176  16  64   2  424 |  96.00   96   0  8 0 0  0  0 |  2.553e+15  2.855e+16  2.855e+16  6.959e+16     0        - -
   8  1  4.086e+16 8.566e+14  442  448 CRUISE 2 176  16  64   2  424 |  96.00   96   0  8 0 0  0  0 |  2.554e+15  2.863e+16  2.863e+16  7.926e+16     0        - -
   9  1  4.086e+16 8.590e+14  442  449 CRUISE 2 176  16  64   2  424 |  96.00   96   0  8 0 0  0  0 |  2.554e+15  2.871e+16  2.871e+16  8.885e+16     0        - -
  10  1  4.086e+16 8.613e+14  442  450 CRUISE 2 176  16  64   2  424 |  96.00   96   0  8 0 0  0  0 |  2.554e+15  2.879e+16  2.879e+16  9.837e+16     0        - -
  11  1  4.086e+16 8.636e+14  442  451 CRUISE 2 176  16  64   2  424 |  96.00   96   0  8 0 0  0  0 |  2.554e+15  2.886e+16  2.886e+16  1.078e+17     0        - -
  12  1  4.087e+16 8.659e+14  442  452 CRUISE 2 176  16  64   2  424 |  96.00   96   0  8 0 0  0  0 |  2.554e+15  2.894e+16  2.894e+16  1.172e+17     0        - -
  13  1  4.087e+16 8.681e+14  442  454 CRUISE 2 176  16  64   2  424 |  96.00   96   0  8 0 0  0  0 |  2.554e+15  2.901e+16  2.901e+16  1.265e+17     0        - -
  14  1  4.087e+16 8.704e+14  442  455 CRUISE 2 176  16  64   2  424 |  96.00   96   0  8 0 0  0  0 |  2.554e+15  2.909e+16  2.909e+16  1.357e+17     0        - -
  15  1  4.087e+16 8.726e+14  442  456 CRUISE 2 176  16  64   2  424 |  96.00   96   0  8 0 0  0  0 |  2.555e+15  2.916e+16  2.916e+16  1.449e+17     0        - -
  16  1  4.087e+16 8.748e+14  442  457 CRUISE 2 176  16  64   2  424 |  96.00   96   0  8 0 0  0  0 |  2.555e+15  2.923e+16  2.923e+16  1.540e+17     0        - -
  17  1  4.088e+16 8.770e+14  442  457 CRUISE 2 176  16  64   2  424 |  96.00   96   0  8 0 0  0  0 |  2.555e+15  2.931e+16  2.931e+16  1.630e+17     0        - -
  18  1  4.088e+16 8.792e+14  442  458 CRUISE 2 176  16  64   2  424 |  96.00   96   0  8 0 0  0  0 |  2.555e+15  2.938e+16  2.938e+16  1.719e+17     0        - -
  19  1  4.088e+16 8.813e+14  442  458 CRUISE 2 176  16  64   2  424 |  96.00   96   0  8 0 0  0  0 |  2.555e+15  2.945e+16  2.945e+16  1.808e+17     0        - -
  20  1  4.088e+16 8.835e+14  442  459 CRUISE 2 176  16  64   2  424 |  96.00   96   0  8 0 0  0  0 |  2.555e+15  2.952e+16  2.952e+16  1.896e+17     0        - -
  21  1  4.089e+16 8.856e+14  442  459 CRUISE 2 176  16  64   2  424 |  96.00   96   0  8 0 0  0  0 |  2.555e+15  2.959e+16  2.959e+16  1.984e+17     0        - -
  22  1  4.089e+16 8.877e+14  442  460 CRUISE 2 176  16  64   2  424 |  96.00   96   0  8 0 0  0  0 |  2.555e+15  2.966e+16  2.966e+16  2.070e+17     0        - -
  23  1  4.089e+16 8.898e+14  442  460 CRUISE 2 176  16  64   2  424 |  96.00   96   0  8 0 0  0  0 |  2.556e+15  2.973e+16  2.973e+16  2.156e+17     0        - -
  24  1  4.089e+16 8.919e+14  442  460 CRUISE 2 176  16  64   2  424 |  96.00   96   0  8 0 0  0  0 |  2.556e+15  2.980e+16  2.980e+16  2.242e+17     0        - -
  25  1  4.089e+16 8.939e+14  442  461 CRUISE 3 184   8  64   2  416 |  96.00   96   0  8 0 0  0  0 |  1.278e+15  3.114e+16  3.114e+16  2.326e+17     0        - tierup
  26  1  4.093e+16 9.343e+14  442  461 CRUISE 3 184   8  64   2  416 |  96.00   96   0  8 0 0  0  0 |  1.279e+15  3.124e+16  3.124e+16  2.411e+17     0        - -
  27  1  4.094e+16 9.372e+14  442  462 CRUISE 3 184   8  64   2  416 |  96.00   96   0  8 0 0  0  0 |  1.279e+15  3.131e+16  3.131e+16  2.494e+17     0        - -
  28  1  4.094e+16 9.392e+14  442  462 CRUISE 3 184   8  64   2  416 |  96.00   96   0  8 0 0  0  0 |  1.279e+15  3.137e+16  3.137e+16  2.577e+17     0        - -
  29  1  4.094e+16 9.412e+14  442  463 CRUISE 3 184   8  64   2  416 |  96.00   96   0  8 0 0  0  0 |  1.279e+15  3.144e+16  3.144e+16  2.659e+17     0        - -
  30  1  4.094e+16 9.432e+14  442  463 CRUISE 3 184   8  64   2  416 |  96.00   96   0  8 0 0  0  0 |  1.279e+15  3.151e+16  3.151e+16  2.741e+17     0        - -
  31  1  4.095e+16 9.452e+14  442  464 CRUISE 3 184   8  64   2  416 |  96.00   96   0  8 0 0  0  0 |  1.280e+15  3.157e+16  3.157e+16  2.822e+17     0        - -
  32  1  4.095e+16 9.471e+14  442  464 CRUISE 3 184   8  64   2  416 |  96.00   96   0  8 0 0  0  0 |  1.280e+15  3.164e+16  3.164e+16  2.902e+17     0        - -
  33  1  4.095e+16 9.491e+14  442  465 CRUISE 3 184   8  64   2  416 |  96.00   96   0  8 0 0  0  0 |  1.280e+15  3.170e+16  3.170e+16  2.982e+17     0        - -
  34  1  4.095e+16 9.510e+14  442  465 CRUISE 3 184   8  64   2  416 |  96.00   96   0  8 0 0  0  0 |  1.280e+15  3.176e+16  3.176e+16  3.061e+17     0        - -
  35  1  4.095e+16 9.529e+14  442  465 CRUISE 3 184   8  64   2  416 |  96.00   96   0  8 0 0  0  0 |  1.280e+15  3.183e+16  3.183e+16  3.139e+17     0        - -
  36  1  4.095e+16 9.548e+14  442  465 CRUISE 3 184   8  64   2  416 |  96.00   96   0  8 0 0  0  0 |  1.280e+15  3.189e+16  3.189e+16  3.217e+17     0        - -
  37  1  4.096e+16 9.567e+14  442  465 CRUISE 3 184   8  64   2  416 |  96.00   96   0  8 0 0  0  0 |  1.280e+15  3.195e+16  3.195e+16  3.294e+17     0        - -
  38  1  4.096e+16 9.585e+14  442  466 CRUISE 3 184   8  64   2  416 |  96.00   96   0  8 0 0  0  0 |  1.280e+15  3.201e+16  3.201e+16  3.371e+17     0        - -
  39  1  4.096e+16 9.604e+14  442  466 CRUISE 3 184   8  64   2  416 |  96.00   96   0  8 0 0  0  0 |  1.280e+15  3.207e+16  3.207e+16  3.447e+17     0        - -
  40  1  4.096e+16 9.622e+14  442  466 CRUISE 3 184   8  64   2  416 |  96.00   96   0  8 0 0  0  0 |  1.280e+15  3.213e+16  3.213e+16  3.523e+17     0        - -
  41  1  4.096e+16 9.640e+14  442  466 CRUISE 3 184   8  64   2  416 |  96.00   96   0  8 0 0  0  0 |  1.280e+15  3.219e+16  3.219e+16  3.598e+17     0        - -
  42  1  4.097e+16 9.658e+14  442  466 CRUISE 3 184   8  64   2  416 |  96.00   96   0  8 0 0  0  0 |  1.280e+15  3.225e+16  3.225e+16  3.672e+17     0        - -
  43  1  4.097e+16 9.676e+14  442  467 CRUISE 3 184   8  64   2  416 |  96.00   96   0  8 0 0  0  0 |  1.280e+15  3.231e+16  3.231e+16  3.746e+17     0        - -
  44  1  4.097e+16 9.694e+14  442  467 CRUISE 3 184   8  64   2  416 |  96.00   96   0  8 0 0  0  0 |  1.280e+15  3.237e+16  3.237e+16  3.819e+17     0        - -
  45  1  4.097e+16 9.712e+14  442  467 CRUISE 3 184   8  64   2  416 |  96.00   96   0  8 0 0  0  0 |  1.280e+15  3.243e+16  3.243e+16  3.891e+17     0        - -
  46  1  4.097e+16 9.729e+14  442  467 CRUISE 3 184   8  64   2  416 |  96.00   96   0  8 0 0  0  0 |  1.280e+15  3.249e+16  3.249e+16  3.963e+17     0        - -
  47  1  4.097e+16 9.747e+14  442  468 CRUISE 3 184   8  64   2  416 |  96.00   96   0  8 0 0  0  0 |  1.280e+15  3.255e+16  3.255e+16  4.035e+17     0        - -
  48  1  4.098e+16 9.764e+14  442  468 CRUISE 3 184   8  64   2  416 |  96.00   96   0  8 0 0  0  0 |  1.281e+15  3.260e+16  3.260e+16  4.106e+17     0        - -
  49  1  4.098e+16 9.781e+14  442  468 CRUISE 3 184   8  64   2  416 |  96.00   96   0  8 0 0  0  0 |  1.281e+15  3.266e+16  3.266e+16  4.176e+17     0        - -
  50  1  4.098e+16 9.798e+14  442  468 CRUISE 3 184   8  64   2  416 |  96.00   96   0  8 0 0  0  0 |  1.281e+15  3.272e+16  3.272e+16  4.246e+17     0        - -
  51  1  4.098e+16 9.815e+14  442  468 CRUISE 3 184   8  64   2  416 |  96.00   96   0  8 0 0  0  0 |  1.281e+15  3.277e+16  3.277e+16  4.315e+17     0        - -
  52  1  4.098e+16 9.832e+14  442  468 CRUISE 3 184   8  64   2  416 |  96.00   96   0  8 0 0  0  0 |  1.281e+15  3.283e+16  3.283e+16  4.384e+17     0        - -
  53  1  4.098e+16 9.848e+14  442  469 CRUISE 3 184   8  64   2  416 |  96.00   96   0  8 0 0  0  0 |  1.281e+15  3.288e+16  3.288e+16  4.452e+17     0        - -
  54  1  4.099e+16 9.865e+14  442  469 CRUISE 3 184   8  64   2  416 |  96.00   96   0  8 0 0  0  0 |  1.281e+15  3.294e+16  3.294e+16  4.520e+17     0        - -
  55  1  4.099e+16 9.881e+14  442  469 CRUISE 3 184   8  64   2  416 |  96.00   96   0  8 0 0  0  0 |  1.281e+15  3.299e+16  3.299e+16  4.587e+17     0        - -
  56  1  4.099e+16 9.897e+14  442  469 CRUISE 3 184   8  64   2  416 |  96.00   96   0  8 0 0  0  0 |  1.281e+15  3.304e+16  3.304e+16  4.654e+17     0        - -
  57  1  4.099e+16 9.913e+14  442  469 CRUISE 3 184   8  64   2  416 |  96.00   96   0  8 0 0  0  0 |  1.281e+15  3.310e+16  3.310e+16  4.720e+17     0        - -
  58  1  4.099e+16 9.929e+14  442  470 CRUISE 3 184   8  64   2  416 |  96.00   96   0  8 0 0  0  0 |  1.281e+15  3.315e+16  3.315e+16  4.785e+17     0        - -
  59  1  4.099e+16 9.945e+14  442  470 CRUISE 3 184   8  64   2  416 |  96.00   96   0  8 0 0  0  0 |  1.281e+15  3.320e+16  3.320e+16  4.850e+17     0        - -
  60  1  4.100e+16 9.961e+14  442  470 CRUISE 3 184   8  64   2  416 |  96.00   96   0  8 0 0  0  0 |  1.281e+15  3.326e+16  3.326e+16  4.915e+17     0        - -
  61  1  3.700e+16 9.977e+14  441  470 CRUISE 3 184   8  64   2  416 |  95.75   96   1  8 0 0  0  0 |  1.156e+15  3.043e+16  3.043e+16  4.969e+17     0        - -
  62  1  3.331e+16 9.130e+14  439  470 CRUISE 3 184   8  64   2  416 |  95.00   96   1  8 0 0  0  0 |  1.041e+15  2.783e+16  2.783e+16  5.014e+17     0        - -
  63  1  2.999e+16 8.348e+14  438  470 CRUISE 3 184   8  64   2  416 |  94.25   96   2  8 0 0  0  0 |  9.373e+14  2.548e+16  2.548e+16  5.049e+17     0        - -
  64  1  2.701e+16 7.643e+14  436  471 CRUISE 3 184   8  64   2  416 |  93.00   95   2  8 0 0  0  0 |  8.440e+14  2.336e+16  2.336e+16  5.078e+17     0        - -
  65  1  2.432e+16 7.007e+14  435  471 CRUISE 3 184   8  64   2  416 |  92.00   95   3  8 0 0  0  0 |  7.600e+14  2.145e+16  2.145e+16  5.099e+17     0        - -
  66  1  2.190e+16 6.434e+14  434  471 CRUISE 3 184   8  64   2  416 |  91.00   95   4  8 0 0  0  0 |  6.844e+14  1.972e+16  1.972e+16  5.114e+17     0        - -
  67  1  1.972e+16 5.917e+14  433  471 CRUISE 3 184   8  64   2  416 |  90.00   95   5  8 0 0  0  0 |  6.164e+14  1.817e+16  1.817e+16  5.123e+17     0        - -
  68  1  1.776e+16 5.451e+14  432  471 CRUISE 3 184   8  64   2  416 |  89.00   94   5  8 0 0  0  0 |  5.551e+14  1.677e+16  1.677e+16  5.127e+17     0        - -
  69  1  1.600e+16 5.031e+14  431  471 CRUISE 3 184   8  64   2  416 |  88.00   94   6  8 0 0  0  0 |  5.000e+14  1.551e+16  1.551e+16  5.127e+17     0        - -
  70  1  1.441e+16 4.652e+14  429  471 CRUISE 3 184   8  64   2  416 |  86.75   94   8  8 0 0  0  0 |  4.504e+14  1.436e+16  1.436e+16  5.123e+17     0        - -
  71  1  1.298e+16 4.309e+14  428  471 CRUISE 3 184   8  64   2  416 |  85.50   94   9  8 0 0  0  0 |  4.057e+14  1.333e+16  1.333e+16  5.116e+17     0        - -
  72  1  1.170e+16 4.000e+14  427  471 CRUISE 3 184   8  64   2  416 |  84.25   93   9  8 0 0  0  0 |  3.655e+14  1.240e+16  1.240e+16  5.105e+17     0        - -
  73  1  1.054e+16 3.721e+14  426  471 CRUISE 3 184   8  64   2  416 |  83.00   93  10  8 0 0  0  0 |  3.294e+14  1.156e+16  1.156e+16  5.091e+17     0        - -
  74  1  9.498e+15 3.469e+14  425  471 CRUISE 3 184   8  64   2  416 |  82.00   93  11  8 0 0  0  0 |  2.968e+14  1.080e+16  1.080e+16  5.075e+17     0        - -
  75  1  8.560e+15 3.241e+14  424  471 CRUISE 3 184   8  64   2  416 |  81.00   93  12  8 0 0  0  0 |  2.675e+14  1.012e+16  1.012e+16  5.057e+17     0        - -
  76  1  7.716e+15 3.035e+14  422  471 CRUISE 3 184   8  64   2  416 |  79.75   92  13  8 0 0  0  0 |  2.411e+14  9.496e+15  9.496e+15  5.037e+17     0        - -
  77  1  6.956e+15 2.849e+14  421  470 CRUISE 3 184   8  64   2  416 |  78.50   92  14  8 0 0  0  0 |  2.174e+14  8.935e+15  8.935e+15  5.015e+17     0        - -
  78  1  6.272e+15 2.680e+14  420  470 CRUISE 3 184   8  64   2  416 |  77.25   92  15  8 0 0  0  0 |  1.960e+14  8.426e+15  8.426e+15  4.991e+17     0        - -
  79  1  5.656e+15 2.528e+14  419  470 DEFEND 3 256   0   0  32  416 |  76.00   92  16  8 0 0  0  3 |          0  6.805e+16  6.805e+16  4.368e+17     0        - release
  80  1  6.905e+15 2.041e+15  421  469 DEFEND 3 256   0   0  32  416 |  75.75   91  16  8 0 0  0  2 |          0  6.150e+16  6.150e+16  3.822e+17     0        - release
  81  1  6.222e+15 1.845e+15  420  467 DEFEND 3 256   0   0  32  416 |  75.25   91  16  8 0 0  0  1 |          0  5.399e+16  5.399e+16  3.344e+17     0        - release
  82  1  5.559e+15 1.620e+15  418  466 DEFEND 3 256   0   0  34  416 |  74.25   91  17  8 0 0  0  0 |          0  4.997e+16  4.997e+16  2.900e+17     0        - release
  83  1  5.044e+15 1.499e+15  417  465   REST 3 184   8  64   2  416 |  73.25   91  18  8 0 0  5  0 |  1.576e+14  5.891e+15  5.891e+15  2.890e+17     0        - cooldown
  84  1  3.367e+15 1.767e+14  412  465   REST 3 184   8  64   2  416 |  71.25   90  19  8 0 0  4  0 |  1.052e+14  4.678e+15  4.678e+15  2.876e+17     0        - cooldown
  85  1  3.012e+15 1.403e+14  411  464   REST 3 184   8  64   2  416 |  69.50   90  21  8 0 0  3  0 |  9.412e+13  4.411e+15  4.411e+15  2.861e+17     0        - cooldown
  86  1  2.717e+15 1.323e+14  410  464   REST 3 184   8  64   2  416 |  68.00   90  22  8 0 0  2  0 |  8.490e+13  4.188e+15  4.188e+15  2.845e+17     0        - cooldown
  87  1  2.452e+15 1.256e+14  409  464   REST 3 184   8  64   2  416 |  66.75   90  24  8 0 0  1  0 |  7.661e+13  3.985e+15  3.985e+15  2.829e+17     0        - cooldown
  88  1  2.213e+15 1.195e+14  408  464   REST 3 184   8  64   2  416 |  65.50   89  24  8 0 0  0  0 |  6.915e+13  3.801e+15  3.801e+15  2.812e+17     0        - cooldown
  89  1  1.998e+15 1.140e+14  407  464 DEFEND 3 256   0   0  50  416 |  64.25   89  25  8 0 0  0  3 |          0  5.693e+16  5.693e+16  2.263e+17     0        - release
  90  1  3.403e+15 1.708e+15  413  461 DEFEND 3 256   0   0  50  416 |  64.75   89  25  8 0 0  0  2 |          0  4.761e+16  4.761e+16  1.821e+17     0        - release
  91  1  2.954e+15 1.428e+15  411  459 DEFEND 3 256   0   0  50  416 |  64.75   89  25  8 0 0  0  1 |          0  3.852e+16  3.852e+16  1.465e+17     0        - release
  92  1  2.529e+15 1.156e+15  409  457 DEFEND 3 256   0   0  48  416 |  64.25   88  24  8 0 0  0  0 |          0  3.001e+16  3.001e+16  1.191e+17     0        - release
  93  1  2.136e+15 9.002e+14  408  454   REST 3 184   8  64   2  416 |  63.50   88  25  8 0 0  5  0 |  6.676e+13  2.466e+15  2.466e+15  1.187e+17     0        - cooldown
  94  1  1.186e+15 7.397e+13  401  454   REST 3 184   8  64   2  416 |  61.25   88  27  8 0 0  4  0 |  3.708e+13  1.780e+15  1.780e+15  1.180e+17     0        - dip,cooldown
  95  1  1.055e+15 5.340e+13  399  454   REST 3 184   8  64   2  416 |  59.00   88  29  8 0 0  3  0 |  3.296e+13  1.680e+15  1.680e+15  1.174e+17     0        - dip,cooldown
  96  1  9.515e+14 5.041e+13  398  454   REST 3 184   8  64   2  416 |  57.25   87  30  8 0 0  2  0 |  2.974e+13  1.601e+15  1.601e+15  1.167e+17     0        - cooldown
  97  1  8.591e+14 4.803e+13  397  453   REST 3 184   8  64   2  416 |  55.50   87  32  8 0 0  1  0 |  2.685e+13  1.529e+15  1.529e+15  1.160e+17     0        - cooldown
  98  1  7.758e+14 4.588e+13  396  453   REST 3 184   8  64   2  416 |  54.00   87  33  8 0 0  0  0 |  2.424e+13  1.464e+15  1.464e+15  1.153e+17     0        - cooldown
  99  1  7.008e+14 4.392e+13  394  453 DEFEND 3 256   0   0  64  416 |  52.50   87  35  8 0 0  0  3 |          0  2.952e+16  2.952e+16  8.647e+16     0        - release
 100  1  1.477e+15 8.857e+14  403  450 DEFEND 3 256   0   0  64  416 |  53.50   86  33  8 0 0  0  2 |          0  2.309e+16  2.309e+16  6.485e+16     0        - release
 101  1  1.225e+15 6.928e+14  401  447 DEFEND 3 256   0   0  64  416 |  53.75   86  33  8 0 0  0  1 |          0  1.744e+16  1.744e+16  4.864e+16     0        - release
 102  1  1.002e+15 5.231e+14  399  443 DEFEND 3 256   0   0  64  416 |  53.50   86  33  8 0 0  0  0 |          0  1.316e+16  1.316e+16  3.648e+16     0        - release
 103  1  8.259e+14 3.949e+14  396  441   REST 3 184   8  64   2  416 |  52.50   86  34  8 0 0  5  0 |  2.581e+13  8.786e+14  8.786e+14  3.640e+16     0        - cooldown
 104  1  4.143e+14 2.636e+13  388  441   REST 3 184   8  64   2  416 |  49.75   85  36  8 0 0  4  0 |  1.295e+13  5.821e+14  5.821e+14  3.622e+16     0        - dip,cooldown
 105  1  3.666e+14 1.746e+13  387  441   REST 3 184   8  64   2  416 |  47.50   85  38  8 0 0  3  0 |  1.146e+13  5.464e+14  5.464e+14  3.603e+16     0        - dip,cooldown
 106  1  3.306e+14 1.639e+13  386  440   REST 3 184   8  64   2  416 |  45.50   85  40  8 0 0  2  0 |  1.033e+13  5.191e+14  5.191e+14  3.583e+16     0        - cooldown
 107  1  2.984e+14 1.557e+13  385  440   REST 3 184   8  64   2  416 |  43.75   85  42  8 0 0  1  0 |  9.324e+12  4.944e+14  4.944e+14  3.562e+16     0        - cooldown
 108  1  2.693e+14 1.483e+13  384  440   REST 3 184   8  64   2  416 |  42.25   84  42  8 0 0  0  0 |  8.417e+12  4.719e+14  4.719e+14  3.541e+16     0        - cooldown
 109  1  2.432e+14 1.416e+13  382  440 DEFEND 3 256   0   0  64  416 |  40.50   84  44  8 0 0  0  3 |          0  9.097e+15  9.097e+15  2.656e+16     0        - release
 110  1  4.790e+14 2.729e+14  390  436 DEFEND 3 256   0   0  64  416 |  41.25   84  43  8 0 0  0  2 |          0  7.119e+15  7.119e+15  1.992e+16     0        - release
 111  1  3.991e+14 2.136e+14  388  433 DEFEND 3 256   0   0  64  416 |  41.25   84  43  8 0 0  0  1 |          0  5.379e+15  5.379e+15  1.494e+16     0        - release
 112  1  3.284e+14 1.614e+14  386  430 DEFEND 3 256   0   0  64  416 |  40.75   83  43  8 0 0  0  0 |          0  4.063e+15  4.063e+15  1.120e+16     0        - release
 113  1  2.722e+14 1.219e+14  384  426   REST 3 184   8  64   2  416 |  40.00   83  43  8 0 0  5  0 |  8.506e+12  2.832e+14  2.832e+14  1.119e+16     0        - cooldown
 114  1  1.438e+14 8.495e+12  377  426   REST 3 184   8  64   2  416 |  37.75   83  46  8 0 0  4  0 |  4.492e+12  1.907e+14  1.907e+14  1.113e+16     0        - dip,cooldown
 115  1  1.275e+14 5.721e+12  375  426   REST 3 184   8  64   2  416 |  35.50   83  48  8 0 0  3  0 |  3.983e+12  1.786e+14  1.786e+14  1.108e+16     0        - dip,cooldown
 116  1  1.149e+14 5.358e+12  374  426   REST 3 184   8  64   2  416 |  33.50   82  49  8 0 0  2  0 |  3.591e+12  1.691e+14  1.691e+14  1.102e+16     0        - cooldown
 117  1  1.037e+14 5.074e+12  372  426   REST 3 184   8  64   2  416 |  31.50   82  51  8 0 0  1  0 |  3.240e+12  1.606e+14  1.606e+14  1.096e+16     0        - cooldown
 118  1  9.356e+13 4.819e+12  371  426   REST 3 184   8  64   2  416 |  29.75   82  53  8 0 0  0  0 |  2.924e+12  1.529e+14  1.529e+14  1.090e+16     0        - cooldown
 119  1  8.445e+13 4.586e+12  370  426 DEFEND 3 256   0   0  64  416 |  28.25   82  54  8 0 0  0  3 |          0  2.809e+15  2.809e+15  8.174e+15     0        - release
 120  1  1.676e+14 8.427e+13  378  423 DEFEND 3 256   0   0  64  416 |  29.00   81  52  8 0 0  0  2 |          0  2.211e+15  2.211e+15  6.130e+15     0        - release
 121  1  1.497e+14 6.633e+13  377  419 DEFEND 3 256   0   0  64  416 |  29.50   81  52  8 0 0  0  1 |          0  1.682e+15  1.682e+15  4.598e+15     0        - release
 122  1  1.338e+14 5.047e+13  376  417 DEFEND 3 256   0   0  64  416 |  29.50   81  52  8 0 0  0  0 |          0  1.283e+15  1.283e+15  3.448e+15     0        - release
 123  1  1.218e+14 3.850e+13  374  413   REST 3 184   8  64   2  416 |  29.00   81  52  8 0 0  5  0 |  3.807e+12  1.145e+14  1.145e+14  3.452e+15     0        - cooldown
 124  1  8.677e+13 3.435e+12  370  413   REST 3 184   8  64   2  416 |  27.75   80  53  8 0 0  4  0 |  2.712e+12  8.933e+13  8.933e+13  3.447e+15     0        - cooldown
 125  1  8.601e+13 2.680e+12  370  413   REST 3 184   8  64   2  416 |  26.75   80  54  8 0 0  3  0 |  2.688e+12  8.875e+13  8.875e+13  3.441e+15     0        - cooldown
 126  1  8.600e+13 2.662e+12  370  413   REST 3 184   8  64   2  416 |  26.00   80  54  8 0 0  2  0 |  2.687e+12  8.869e+13  8.869e+13  3.436e+15     0        - cooldown
 127  1  8.599e+13 2.661e+12  370  413   REST 3 184   8  64   2  416 |  25.50   80  55  8 0 0  1  0 |  2.687e+12  8.865e+13  8.865e+13  3.430e+15     0        - cooldown
 128  1  8.599e+13 2.660e+12  370  413   REST 3 184   8  64   2  416 |  25.00   79  54  8 0 0  0  0 |  2.687e+12  8.861e+13  8.861e+13  3.425e+15     0        - cooldown
 129  1  8.599e+13 2.658e+12  370  413 DEFEND 3 256   0   0  64  416 |  24.75   79  55  8 0 0  0  3 |          0  9.423e+14  9.423e+14  2.569e+15     0        - release
 130  1  1.116e+14 2.827e+13  373  410 DEFEND 3 256   0   0  64  416 |  25.25   79  54  8 0 0  0  2 |          0  7.538e+14  7.538e+14  1.927e+15     0        - release
 131  1  1.059e+14 2.261e+13  373  406 DEFEND 3 256   0   0  64  416 |  25.50   79  54  8 0 0  0  1 |          0  5.876e+14  5.876e+14  1.445e+15     0        - release
 132  1  1.010e+14 1.763e+13  372  403 DEFEND 3 256   0   0  64  416 |  25.50   78  53  8 0 0  0  0 |          0  4.622e+14  4.622e+14  1.084e+15     0        - release
 133  1  9.720e+13 1.387e+13  372  400   REST 3 184   8  64   2  416 |  25.50   78  53  8 0 0  5  0 |  3.037e+12  7.833e+13  7.833e+13  1.100e+15     0        - cooldown
 134  1  8.568e+13 2.350e+12  370  400   REST 3 184   8  64   2  416 |  25.00   78  53  8 0 0  4  0 |  2.678e+12  7.018e+13  7.018e+13  1.112e+15     0        - cooldown
 135  1  8.544e+13 2.105e+12  370  400   REST 3 184   8  64   2  416 |  24.75   78  54  8 0 0  3  0 |  2.670e+12  7.010e+13  7.010e+13  1.125e+15     0        - cooldown
 136  1  8.544e+13 2.103e+12  370  400   REST 3 184   8  64   2  416 |  24.50   77  53  8 0 0  2  0 |  2.670e+12  7.020e+13  7.020e+13  1.138e+15     0        - cooldown
 137  1  8.544e+13 2.106e+12  370  401   REST 3 184   8  64   2  416 |  24.25   77  53  8 0 0  1  0 |  2.670e+12  7.030e+13  7.030e+13  1.150e+15     0        - cooldown
 138  1  8.544e+13 2.109e+12  370  401   REST 3 184   8  64   2  416 |  24.00   77  53  8 0 0  0  0 |  2.670e+12  7.040e+13  7.040e+13  1.162e+15     0        - cooldown
 139  1  8.545e+13 2.112e+12  370  401 DEFEND 3 256   0   0  64  416 |  24.00   77  53  8 0 0  0  3 |          0  3.761e+14  3.761e+14  8.719e+14     0        - release
 140  1  9.462e+13 1.128e+13  371  397 DEFEND 3 256   0   0  64  416 |  24.25   76  52  8 0 0  0  2 |          0  3.126e+14  3.126e+14  6.539e+14     0        - release
 141  1  9.271e+13 9.378e+12  371  394 DEFEND 3 256   0   0  64  416 |  24.25   76  52  8 0 0  0  1 |          0  2.562e+14  2.562e+14  4.904e+14     0        - release
 142  1  9.102e+13 7.686e+12  371  390 DEFEND 3 256   0   0  64  416 |  24.25   76  52  8 0 0  0  0 |          0  2.136e+14  2.136e+14  3.678e+14     0        - release
 143  1  8.974e+13 6.409e+12  371  387   REST 3 184   8  64   2  416 |  24.25   76  52  8 0 0  5  0 |  2.804e+12  6.738e+13  6.738e+13  3.874e+14     0        - cooldown
 144  1  8.535e+13 2.021e+12  370  388   REST 3 184   8  64   2  416 |  24.00   75  51  8 0 0  4  0 |  2.667e+12  6.438e+13  6.438e+13  4.057e+14     0        - cooldown
 145  1  8.526e+13 1.931e+12  370  388   REST 3 184   8  64   2  416 |  24.00   75  51  8 0 0  3  0 |  2.665e+12  6.445e+13  6.445e+13  4.238e+14     0        - cooldown
 146  1  8.527e+13 1.934e+12  370  389   REST 3 184   8  64   2  416 |  24.00   75  51  8 0 0  2  0 |  2.665e+12  6.460e+13  6.460e+13  4.418e+14     0        - cooldown
 147  1  8.527e+13 1.938e+12  370  389   REST 3 184   8  64   2  416 |  24.00   75  51  8 0 0  1  0 |  2.665e+12  6.474e+13  6.474e+13  4.597e+14     0        - cooldown
 148  1  8.528e+13 1.942e+12  370  390   REST 3 184   8  64   2  416 |  24.00   74  50  8 0 0  0  0 |  2.665e+12  6.488e+13  6.488e+13  4.774e+14     0        - cooldown
 149  1  8.528e+13 1.946e+12  370  390 DEFEND 3 256   0   0  64  416 |  24.00   74  50  8 0 0  0  3 |          0  2.046e+14  2.046e+14  3.581e+14     0        - release
 150  1  8.947e+13 6.139e+12  371  387   REST 3 184   8  64   2  416 |  24.25   74  50  8 0 0  5  0 |  2.796e+12  6.711e+13  6.711e+13  3.777e+14     0        - cooldown
 151  1  8.535e+13 2.013e+12  370  387   REST 3 184   8  64   2  416 |  24.00   74  50  8 0 0  4  0 |  2.667e+12  6.429e+13  6.429e+13  3.960e+14     0        - cooldown
 152  1  8.526e+13 1.929e+12  370  388   REST 3 184   8  64   2  416 |  24.00   73  49  8 0 0  3  0 |  2.664e+12  6.438e+13  6.438e+13  4.143e+14     0        - cooldown
 153  1  8.526e+13 1.931e+12  370  388   REST 3 184   8  64   2  416 |  24.00   73  49  8 0 0  2  0 |  2.665e+12  6.452e+13  6.452e+13  4.323e+14     0        - cooldown
 154  1  8.527e+13 1.936e+12  370  389   REST 3 184   8  64   2  416 |  24.00   73  49  8 0 0  1  0 |  2.665e+12  6.466e+13  6.466e+13  4.503e+14     0        - cooldown
 155  1  8.527e+13 1.940e+12  370  389   REST 3 184   8  64   2  416 |  24.00   73  49  8 0 0  0  0 |  2.665e+12  6.481e+13  6.481e+13  4.681e+14     0        - cooldown
 156  1  8.528e+13 1.944e+12  370  390 DEFEND 3 256   0   0  64  416 |  24.00   72  48  8 0 0  0  3 |          0  2.023e+14  2.023e+14  3.511e+14     0        - release
 157  1  8.940e+13 6.069e+12  371  386   REST 3 184   8  64   2  416 |  24.25   72  48  8 0 0  5  0 |  2.794e+12  6.700e+13  6.700e+13  3.707e+14     0        - cooldown
 158  1  8.534e+13 2.010e+12  370  387   REST 3 184   8  64   2  416 |  24.00   72  48  8 0 0  4  0 |  2.667e+12  6.424e+13  6.424e+13  3.891e+14     0        - cooldown
 159  1  8.526e+13 1.927e+12  370  388   REST 3 184   8  64   2  416 |  24.00   72  48  8 0 0  3  0 |  2.664e+12  6.432e+13  6.432e+13  4.074e+14     0        - cooldown
 160  1  8.526e+13 1.930e+12  370  388   REST 3 184   8  64   2  416 |  24.00   71  47  8 0 0  2  0 |  2.664e+12  6.447e+13  6.447e+13  4.255e+14     0        - cooldown
 161  1  8.527e+13 1.934e+12  370  389   REST 3 184   8  64   2  416 |  24.00   71  47  8 0 0  1  0 |  2.665e+12  6.461e+13  6.461e+13  4.435e+14     0        - cooldown
 162  1  8.527e+13 1.938e+12  370  389   REST 3 184   8  64   2  416 |  24.00   71  47  8 0 0  0  0 |  2.665e+12  6.475e+13  6.475e+13  4.614e+14     0        - cooldown
 163  1  8.528e+13 1.943e+12  370  390 DEFEND 3 256   0   0  64  416 |  24.00   71  47  8 0 0  0  3 |          0  2.006e+14  2.006e+14  3.460e+14     0        - release
 164  1  8.935e+13 6.018e+12  371  386   REST 3 184   8  64   2  416 |  24.25   70  46  8 0 0  5  0 |  2.792e+12  6.692e+13  6.692e+13  3.657e+14     0        - cooldown
 165  1  8.534e+13 2.008e+12  370  387   REST 3 184   8  64   2  416 |  24.00   70  46  8 0 0  4  0 |  2.667e+12  6.420e+13  6.420e+13  3.841e+14     0        - cooldown
 166  1  8.526e+13 1.926e+12  370  387   REST 3 184   8  64   2  416 |  24.00   70  46  8 0 0  3  0 |  2.664e+12  6.428e+13  6.428e+13  4.024e+14     0        - cooldown
 167  1  8.526e+13 1.928e+12  370  388   REST 3 184   8  64   2  416 |  24.00   70  46  8 0 0  2  0 |  2.664e+12  6.443e+13  6.443e+13  4.206e+14     0        - cooldown
 168  1  8.527e+13 1.933e+12  370  388   REST 3 184   8  64   2  416 |  24.00   69  45  8 0 0  1  0 |  2.665e+12  6.457e+13  6.457e+13  4.386e+14     0        - cooldown
 169  1  8.527e+13 1.937e+12  370  389   REST 3 184   8  64   2  416 |  24.00   69  45  8 0 0  0  0 |  2.665e+12  6.472e+13  6.472e+13  4.565e+14     0        - cooldown
 170  1  8.527e+13 1.941e+12  370  389 DEFEND 3 256   0   0  64  416 |  24.00   69  45  8 0 0  0  3 |          0  1.994e+14  1.994e+14  3.424e+14     0        - release
 171  1  8.932e+13 5.982e+12  371  386   REST 3 184   8  64   2  416 |  24.25   69  45  8 0 0  5  0 |  2.791e+12  6.687e+13  6.687e+13  3.621e+14     0        - cooldown
 172  1  8.534e+13 2.006e+12  370  387   REST 3 184   8  64   2  416 |  24.00   68  44  8 0 0  4  0 |  2.667e+12  6.417e+13  6.417e+13  3.806e+14     0        - cooldown
 173  1  8.526e+13 1.925e+12  370  387   REST 3 184   8  64   2  416 |  24.00   68  44  8 0 0  3  0 |  2.664e+12  6.425e+13  6.425e+13  3.989e+14     0        - cooldown
 174  1  8.526e+13 1.928e+12  370  388   REST 3 184   8  64   2  416 |  24.00   68  44  8 0 0  2  0 |  2.664e+12  6.440e+13  6.440e+13  4.171e+14     0        - cooldown
 175  1  8.527e+13 1.932e+12  370  388   REST 3 184   8  64   2  416 |  24.00   68  44  8 0 0  1  0 |  2.665e+12  6.454e+13  6.454e+13  4.352e+14     0        - cooldown
 176  1  8.527e+13 1.936e+12  370  389   REST 3 184   8  64   2  416 |  24.00   67  43  8 0 0  0  0 |  2.665e+12  6.469e+13  6.469e+13  4.531e+14     0        - cooldown
 177  1  8.527e+13 1.941e+12  370  389 DEFEND 3 256   0   0  64  416 |  24.00   67  43  8 0 0  0  3 |          0  1.985e+14  1.985e+14  3.398e+14     0        - release
 178  1  8.929e+13 5.956e+12  371  386   REST 3 184   8  64   2  416 |  24.25   67  43  8 0 0  5  0 |  2.790e+12  6.683e+13  6.683e+13  3.595e+14     0        - cooldown
 179  1  8.534e+13 2.005e+12  370  387   REST 3 184   8  64   2  416 |  24.00   67  43  8 0 0  4  0 |  2.667e+12  6.415e+13  6.415e+13  3.780e+14     0        - cooldown
 180  1  8.526e+13 1.924e+12  370  387   REST 3 184   8  64   2  416 |  24.00   66  42  8 0 0  3  0 |  2.664e+12  6.423e+13  6.423e+13  3.964e+14     0        - cooldown
 181  1  8.526e+13 1.927e+12  370  388   REST 3 184   8  64   2  416 |  24.00   66  42  8 0 0  2  0 |  2.664e+12  6.438e+13  6.438e+13  4.146e+14     0        - cooldown
 182  1  8.526e+13 1.931e+12  370  388   REST 3 184   8  64   2  416 |  24.00   66  42  8 0 0  1  0 |  2.665e+12  6.452e+13  6.452e+13  4.327e+14     0        - cooldown
 183  1  8.527e+13 1.936e+12  370  389   REST 3 184   8  64   2  416 |  24.00   66  42  8 0 0  0  0 |  2.665e+12  6.467e+13  6.467e+13  4.506e+14     0        - cooldown
 184  1  8.527e+13 1.940e+12  370  389 DEFEND 3 256   0   0  64  416 |  24.00   65  41  8 0 0  0  3 |          0  1.979e+14  1.979e+14  3.379e+14     0        - release
 185  1  8.927e+13 5.938e+12  371  386   REST 3 184   8  64   2  416 |  24.25   65  41  8 0 0  5  0 |  2.790e+12  6.680e+13  6.680e+13  3.576e+14     0        - cooldown
 186  1  8.534e+13 2.004e+12  370  387   REST 3 184   8  64   2  416 |  24.00   65  41  8 0 0  4  0 |  2.667e+12  6.413e+13  6.413e+13  3.762e+14     0        - cooldown
 187  1  8.526e+13 1.924e+12  370  387   REST 3 184   8  64   2  416 |  24.00   65  41  8 0 0  3  0 |  2.664e+12  6.422e+13  6.422e+13  3.945e+14     0        - cooldown
 188  1  8.526e+13 1.927e+12  370  388   REST 3 184   8  64   2  416 |  24.00   64  40  8 0 0  2  0 |  2.664e+12  6.436e+13  6.436e+13  4.128e+14     0        - cooldown
 189  1  8.526e+13 1.931e+12  370  388   REST 3 184   8  64   2  416 |  24.00   64  40  8 0 0  1  0 |  2.665e+12  6.451e+13  6.451e+13  4.309e+14     0        - cooldown
 190  1  8.527e+13 1.935e+12  370  389   REST 3 184   8  64   2  416 |  24.00   64  40  8 0 0  0  0 |  2.665e+12  6.465e+13  6.465e+13  4.488e+14     0        - cooldown
 191  1  8.527e+13 1.940e+12  370  389 DEFEND 3 256   0   0  64  416 |  24.00   64  40  8 0 0  0  3 |          0  1.975e+14  1.975e+14  3.366e+14     0        - release
 192  1  8.926e+13 5.924e+12  371  386   REST 3 184   8  64   2  416 |  24.25   63  39  8 0 0  5  0 |  2.789e+12  6.678e+13  6.678e+13  3.563e+14     0        - cooldown
 193  1  8.534e+13 2.004e+12  370  387   REST 3 184   8  64   2  416 |  24.00   63  39  8 0 0  4  0 |  2.667e+12  6.412e+13  6.412e+13  3.748e+14     0        - cooldown
 194  1  8.526e+13 1.924e+12  370  387   REST 3 184   8  64   2  416 |  24.00   63  39  8 0 0  3  0 |  2.664e+12  6.421e+13  6.421e+13  3.932e+14     0        - cooldown
 195  1  8.526e+13 1.926e+12  370  388   REST 3 184   8  64   2  416 |  24.00   63  39  8 0 0  2  0 |  2.664e+12  6.435e+13  6.435e+13  4.115e+14     0        - cooldown
 196  1  8.526e+13 1.931e+12  370  388   REST 3 184   8  64   2  416 |  24.00   62  38  8 0 0  1  0 |  2.664e+12  6.450e+13  6.450e+13  4.296e+14     0        - cooldown
 197  1  8.527e+13 1.935e+12  370  389   REST 3 184   8  64   2  416 |  24.00   62  38  8 0 0  0  0 |  2.665e+12  6.464e+13  6.464e+13  4.475e+14     0        - cooldown
 198  1  8.527e+13 1.939e+12  370  389 DEFEND 3 256   0   0  64  416 |  24.00   62  38  8 0 0  0  3 |          0  1.972e+14  1.972e+14  3.357e+14     0        - release
 199  1  8.925e+13 5.915e+12  371  386   REST 3 184   8  64   2  416 |  24.25   62  38  8 0 0  5  0 |  2.789e+12  6.677e+13  6.677e+13  3.553e+14     0        - cooldown

drawdown               ep  199 settles  199  in 2.766e+18  allow   4.5%  bought  95.5%  left   0.0%  maxRes  36.9 ep  tier 3  clamp 0  {'CRUISE': 78, 'DEFEND': 36, 'REST': 85}  [echo 3.0%]
