Sporadic $1-$4 buys, about one epoch in eight, zero in between.

  ep dt     inflow  TAX  RES   mode T buy alw res REL CEIL |      A   PK  dd LV W S CD TR |      allow     bought    reserve clamp flags
----------------------------------------------------------------------------------------------------------------------------------------
   1  1          0    0    0   IDLE 0 144  48  64   2  440 |   0.00    0   0  0 0 0  0  0 |          0          0          0     0 quiet
   2  1          0    0    0   IDLE 0 144  48  64   2  440 |   0.00    0   0  0 0 0  0  0 |          0          0          0     0 quiet
   3  1          0    0    0   IDLE 0 144  48  64   2  440 |   0.00    0   0  0 0 0  0  0 |          0          0          0     0 quiet
   4  1  1.000e+15  399    0 CRUISE 0 144  48  64   2  440 |  53.00   53   0  8 3 0  0  0 |  1.875e+14  5.625e+14  2.500e+14     0 warm
   5  1  1.000e+15  399  383 CRUISE 0 144  48  64   2  440 |  53.00   53   0  8 2 0  0  0 |  1.875e+14  5.645e+14  4.980e+14     0 warm
   6  1  1.000e+15  399  391 CRUISE 0 144  48  64   2  440 |  53.00   53   0  8 1 0  0  0 |  1.875e+14  5.664e+14  7.442e+14     0 warm
   7  1          0    0  395 CRUISE 0 144  48  64   2  440 |  50.00   53   3  7 0 0  0  0 |          0  5.814e+12  7.383e+14     0 dip,quiet,warm
   8  1  5.000e+14  391  395 CRUISE 0 144  48  64   2  440 |  48.75   52   4  8 0 0  0  0 |  9.375e+13  2.870e+14  8.576e+14     0 -
   9  1  2.500e+14  383  397 CRUISE 0 144  48  64   2  440 |  45.75   52   7  8 0 0  0  0 |  4.688e+13  1.473e+14  9.134e+14     0 dip
  10  1          0    0  397 CRUISE 0 144  48  64   2  440 |  42.75   52  10  7 0 0  0  0 |          0  7.136e+12  9.062e+14     0 dip,quiet
  11  1  1.000e+15  399  397 CRUISE 0 144  48  64   2  440 |  45.25   52   7  8 0 0  0  0 |  1.875e+14  5.696e+14  1.149e+15     0 -
  12  1          0    0  401 CRUISE 0 144  48  64   2  440 |  42.25   51   9  7 0 0  0  0 |          0  8.978e+12  1.140e+15     0 dip,quiet
  13  1          0    0  401 CRUISE 0 144  48  64   2  440 |  39.25   51  12  6 0 0  0  0 |          0  8.908e+12  1.131e+15     0 dip,quiet
  14  1          0    0  401 CRUISE 0 144  48  64   2  440 |  36.25   51  15  5 0 0  0  0 |          0  8.838e+12  1.122e+15     0 dip,quiet
  15  1          0    0  400 DEFEND 0 256   0   0  36  440 |  33.25   51  18  4 0 0  0  3 |          0  1.578e+14  9.646e+14     0 dip,quiet,release
  16  1          0    0  398 DEFEND 0 256   0   0  40  440 |  30.25   50  20  3 0 0  0  2 |          0  1.507e+14  8.139e+14     0 dip,quiet,release
  17  1          0    0  396 DEFEND 0 256   0   0  46  440 |  27.25   50  23  2 0 0  0  1 |          0  1.462e+14  6.676e+14     0 dip,quiet,release
  18  1          0    0  394 DEFEND 0 256   0   0  52  440 |  24.25   50  26  1 0 0  0  0 |          0  1.356e+14  5.320e+14     0 dip,quiet,release
  19  1  2.500e+14  383  392   REST 0 144  48  64   2  440 |  27.25   50  23  8 0 0  5  0 |  4.688e+13  1.448e+14  5.904e+14     0 cooldown
  20  1          0    0  393   REST 0 144  48  64   2  440 |  24.25   49  25  7 0 0  4  0 |          0  4.612e+12  5.858e+14     0 dip,quiet,cooldown
  21  1          0    0  393   REST 0 144  48  64   2  440 |  21.25   49  28  6 0 0  3  0 |          0  4.576e+12  5.812e+14     0 dip,quiet,cooldown
  22  1  2.500e+14  383  393   REST 0 144  48  64   2  440 |  25.00   49  24  8 0 0  2  0 |  4.688e+13  1.452e+14  6.391e+14     0 cooldown
  23  1          0    0  394   REST 0 144  48  64   2  440 |  22.00   49  27  7 0 0  1  0 |          0  4.993e+12  6.341e+14     0 dip,quiet,cooldown
  24  1          0    0  394   REST 0 144  48  64   2  440 |  19.00   48  29  6 0 0  0  0 |          0  4.954e+12  6.292e+14     0 dip,quiet,cooldown
  25  1  1.000e+15  399  393 DEFEND 0 256   0   0  42  440 |  27.50   48  21  8 0 0  0  3 |          0  1.103e+15  5.260e+14     0 release
  26  1          0    0  391 DEFEND 0 256   0   0  48  440 |  24.50   48  24  7 0 0  0  2 |          0  9.862e+13  4.273e+14     0 dip,quiet,release
  27  1          0    0  389 DEFEND 0 256   0   0  54  440 |  21.50   48  27  6 0 0  0  1 |          0  9.014e+13  3.372e+14     0 dip,quiet,release
  28  1          0    0  386   REST 0 144  48  64   2  440 |  18.50   47  29  5 0 0  5  0 |          0  2.634e+12  3.346e+14     0 dip,quiet,cooldown
  29  1  2.500e+14  383  386   REST 0 144  48  64   2  440 |  23.00   47  24  8 0 0  4  0 |  4.688e+13  1.432e+14  3.945e+14     0 cooldown
  30  1          0    0  388   REST 0 144  48  64   2  440 |  20.00   47  27  7 0 0  3  0 |          0  3.082e+12  3.914e+14     0 dip,quiet,cooldown
  31  1          0    0  388   REST 0 144  48  64   2  440 |  17.00   47  30  6 0 0  2  0 |          0  3.058e+12  3.883e+14     0 dip,quiet,cooldown
  32  1          0    0  388   REST 0 144  48  64   2  440 |  14.00   46  32  5 0 0  1  0 |          0  3.034e+12  3.853e+14     0 dip,quiet,cooldown
  33  1          0    0  387   REST 0 144  48  64   2  440 |  11.00   46  35  4 0 0  0  0 |          0  3.010e+12  3.823e+14     0 dip,quiet,cooldown
  34  1          0    0  387 CRUISE 0 144  48  64   2  440 |   8.25   46  38  3 0 0  0  0 |          0  2.986e+12  3.793e+14     0 dip,quiet
  35  1          0    0  387 CRUISE 0 144  48  64   2  440 |   6.00   46  40  2 0 0  0  0 |          0  2.963e+12  3.763e+14     0 dip,quiet
  36  1          0    0  387 CRUISE 0 144  48  64   2  440 |   4.50   45  41  1 0 0  0  0 |          0  2.940e+12  3.734e+14     0 quiet
  37  1          0    0  387   IDLE 0 144  48  64   2  440 |   3.25   45  42  0 0 0  0  0 |          0  2.917e+12  3.705e+14     0 quiet
  38  1          0    0  387   IDLE 0 144  48  64   2  440 |   2.25   45  43  0 0 0  0  0 |          0  2.894e+12  3.676e+14     0 quiet
  39  1          0    0  387   IDLE 0 144  48  64   2  440 |   1.50   45  44  0 0 0  0  0 |          0  2.872e+12  3.647e+14     0 quiet
  40  1  2.500e+14  383  387 CRUISE 0 144  48  64   2  440 |  37.00   37   0  8 3 0  0  0 |  4.688e+13  1.435e+14  4.243e+14     0 warm
  41  1          0    0  389 CRUISE 0 144  48  64   2  440 |  34.00   37   3  7 2 0  0  0 |          0  3.315e+12  4.210e+14     0 dip,quiet,warm
  42  1          0    0  388 CRUISE 0 144  48  64   2  440 |  31.00   37   6  6 1 0  0  0 |          0  3.289e+12  4.177e+14     0 dip,quiet,warm
  43  1          0    0  388 CRUISE 0 144  48  64   2  440 |  28.00   37   9  5 0 0  0  0 |          0  3.264e+12  4.145e+14     0 dip,quiet,warm
  44  1          0    0  388 CRUISE 0 144  48  64   2  440 |  25.00   36  11  4 0 0  0  0 |          0  3.238e+12  4.112e+14     0 dip,quiet
  45  1          0    0  388 CRUISE 0 144  48  64   2  440 |  22.00   36  14  3 0 0  0  0 |          0  3.213e+12  4.080e+14     0 dip,quiet
  46  1  5.000e+14  391  388 CRUISE 0 144  48  64   2  440 |  27.75   36   9  8 0 1  0  0 |  9.375e+13  2.844e+14  5.298e+14     0 surge
  47  1          0    0  392 CRUISE 0 144  48  64   2  440 |  24.75   36  12  7 0 0  0  0 |          0  4.139e+12  5.257e+14     0 dip,quiet
  48  1          0    0  391 CRUISE 0 144  48  64   2  440 |  21.75   35  14  6 0 0  0  0 |          0  4.107e+12  5.216e+14     0 dip,quiet
  49  1          0    0  391 DEFEND 0 256   0   0  34  440 |  18.75   35  17  5 0 0  0  3 |          0  6.927e+13  4.523e+14     0 dip,quiet,release
  50  1          0    0  389 DEFEND 0 256   0   0  40  440 |  15.75   35  20  4 0 0  0  2 |          0  7.067e+13  3.816e+14     0 dip,quiet,release
  51  1          0    0  387   REST 0 144  48  64   2  440 |  12.75   35  23  3 0 0  5  0 |          0  2.982e+12  3.787e+14     0 dip,quiet,cooldown
  52  1  1.000e+15  399  387   REST 0 144  48  64   2  440 |  22.75   34  12  8 0 1  4  0 |  1.875e+14  5.655e+14  6.257e+14     0 surge,cooldown
  53  1          0    0  393   REST 0 144  48  64   2  440 |  19.75   34  15  7 0 0  3  0 |          0  4.888e+12  6.208e+14     0 dip,quiet,cooldown
  54  1          0    0  393   REST 0 144  48  64   2  440 |  16.75   34  18  6 0 0  2  0 |          0  4.850e+12  6.160e+14     0 dip,quiet,cooldown
  55  1          0    0  393   REST 0 144  48  64   2  440 |  13.75   34  21  5 0 0  1  0 |          0  4.812e+12  6.112e+14     0 dip,quiet,cooldown
  56  1          0    0  393   REST 0 144  48  64   2  440 |  10.75   33  23  4 0 0  0  0 |          0  4.775e+12  6.064e+14     0 dip,quiet,cooldown
  57  1          0    0  393 DEFEND 0 256   0   0  50  440 |   8.00   33  25  3 0 0  0  3 |          0  1.184e+14  4.879e+14     0 dip,quiet,release
  58  1          0    0  390 DEFEND 0 256   0   0  54  440 |   6.00   33  27  2 0 0  0  2 |          0  1.029e+14  3.850e+14     0 dip,quiet,release
  59  1          0    0  387   REST 0 144  48  64   2  440 |   4.50   33  29  1 0 0  5  0 |          0  3.008e+12  3.820e+14     0 quiet,cooldown
  60  1          0    0  387   REST 0 144  48  64   2  440 |   3.25   32  29  0 0 0  4  0 |          0  2.984e+12  3.790e+14     0 quiet,cooldown
  61  1          0    0  387   REST 0 144  48  64   2  440 |   2.25   32  30  0 0 0  3  0 |          0  2.961e+12  3.761e+14     0 quiet,cooldown
  62  1          0    0  387   REST 0 144  48  64   2  440 |   1.50   32  31  0 0 0  2  0 |          0  2.938e+12  3.731e+14     0 quiet,cooldown
  63  1          0    0  387   REST 0 144  48  64   2  440 |   1.00   32  31  0 0 0  1  0 |          0  2.915e+12  3.702e+14     0 quiet,cooldown
  64  1  2.500e+14  383  387   REST 0 144  48  64   2  440 |  37.00   37   0  8 3 0  0  0 |  4.688e+13  1.435e+14  4.298e+14     0 cooldown,warm
  65  1          0    0  389 CRUISE 0 144  48  64   2  440 |  34.00   37   3  7 2 0  0  0 |          0  3.358e+12  4.265e+14     0 dip,quiet,warm
  66  1          0    0  389 CRUISE 0 144  48  64   2  440 |  31.00   37   6  6 1 0  0  0 |          0  3.332e+12  4.231e+14     0 dip,quiet,warm
  67  1          0    0  389 CRUISE 0 144  48  64   2  440 |  28.00   37   9  5 0 0  0  0 |          0  3.306e+12  4.198e+14     0 dip,quiet,warm
  68  1          0    0  388 CRUISE 0 144  48  64   2  440 |  25.00   36  11  4 0 0  0  0 |          0  3.280e+12  4.165e+14     0 dip,quiet
  69  1          0    0  388 CRUISE 0 144  48  64   2  440 |  22.00   36  14  3 0 0  0  0 |          0  3.254e+12  4.133e+14     0 dip,quiet
  70  1          0    0  388 CRUISE 0 144  48  64   2  440 |  19.00   36  17  2 0 0  0  0 |          0  3.229e+12  4.101e+14     0 dip,quiet
  71  1  5.000e+14  391  388 CRUISE 0 144  48  64   2  440 |  25.50   36  11  8 0 1  0  0 |  9.375e+13  2.845e+14  5.319e+14     0 surge
  72  1          0    0  392 CRUISE 0 144  48  64   2  440 |  22.50   35  13  7 0 0  0  0 |          0  4.155e+12  5.277e+14     0 dip,quiet
  73  1          0    0  391 DEFEND 0 256   0   0  32  440 |  19.50   35  16  6 0 0  0  3 |          0  6.596e+13  4.617e+14     0 dip,quiet,release
  74  1          0    0  390 DEFEND 0 256   0   0  38  440 |  16.50   35  19  5 0 0  0  2 |          0  6.854e+13  3.932e+14     0 dip,quiet,release
  75  1          0    0  388   REST 0 144  48  64   2  440 |  13.50   35  22  4 0 0  5  0 |          0  3.072e+12  3.901e+14     0 dip,quiet,cooldown
  76  1          0    0  388   REST 0 144  48  64   2  440 |  10.50   34  24  3 0 0  4  0 |          0  3.048e+12  3.871e+14     0 dip,quiet,cooldown
  77  1          0    0  388   REST 0 144  48  64   2  440 |   7.75   34  27  2 0 0  3  0 |          0  3.024e+12  3.841e+14     0 dip,quiet,cooldown
  78  1          0    0  387   REST 0 144  48  64   2  440 |   5.75   34  29  1 0 0  2  0 |          0  3.000e+12  3.811e+14     0 quiet,cooldown
  79  1          0    0  387   REST 0 144  48  64   2  440 |   4.25   34  30  0 0 0  1  0 |          0  2.977e+12  3.781e+14     0 quiet,cooldown
  80  1          0    0  387   REST 0 144  48  64   2  440 |   3.00   33  30  0 0 0  0  0 |          0  2.954e+12  3.751e+14     0 quiet,cooldown
  81  1          0    0  387   IDLE 0 144  48  64   2  440 |   2.25   33  31  0 0 0  0  0 |          0  2.931e+12  3.722e+14     0 quiet
  82  1          0    0  387   IDLE 0 144  48  64   2  440 |   1.50   33  32  0 0 0  0  0 |          0  2.908e+12  3.693e+14     0 quiet
  83  1          0    0  387   IDLE 0 144  48  64   2  440 |   1.00   33  32  0 0 0  0  0 |          0  2.885e+12  3.664e+14     0 quiet
  84  1          0    0  387   IDLE 0 144  48  64   2  440 |   0.75   32  32  0 0 0  0  0 |          0  2.863e+12  3.635e+14     0 quiet
  85  1          0    0  387   IDLE 0 144  48  64   2  440 |   0.50   32  32  0 0 0  0  0 |          0  2.840e+12  3.607e+14     0 quiet
  86  1          0    0  387   IDLE 0 144  48  64   2  440 |   0.25   32  32  0 0 0  0  0 |          0  2.818e+12  3.579e+14     0 quiet
  87  1          0    0  387   IDLE 0 144  48  64   2  440 |   0.00   32  32  0 0 0  0  0 |          0  2.796e+12  3.551e+14     0 quiet
  88  1          0    0  387   IDLE 0 144  48  64   2  440 |   0.00   31  31  0 0 0  0  0 |          0  2.774e+12  3.523e+14     0 quiet
  89  1          0    0  387   IDLE 0 144  48  64   2  440 |   0.00   31  31  0 0 0  0  0 |          0  2.752e+12  3.496e+14     0 quiet
  90  1          0    0  386   IDLE 0 144  48  64   2  440 |   0.00   31  31  0 0 0  0  0 |          0  2.731e+12  3.468e+14     0 quiet
  91  1          0    0  386   IDLE 0 144  48  64   2  440 |   0.00   31  31  0 0 0  0  0 |          0  2.710e+12  3.441e+14     0 quiet
  92  1  2.500e+14  383  386 CRUISE 1 160  32  64   2  432 |  37.00   37   0  8 3 0  0  0 |  3.125e+13  1.589e+14  4.039e+14     0 tierup,warm
  93  1          0    0  388 CRUISE 1 160  32  64   2  432 |  34.00   37   3  7 2 0  0  0 |          0  3.156e+12  4.008e+14     0 dip,quiet,warm
  94  1          0    0  388 CRUISE 1 160  32  64   2  432 |  31.00   37   6  6 1 0  0  0 |          0  3.131e+12  3.976e+14     0 dip,quiet,warm
  95  1          0    0  388 CRUISE 1 160  32  64   2  432 |  28.00   37   9  5 0 0  0  0 |          0  3.107e+12  3.945e+14     0 dip,quiet,warm
  96  1          0    0  388 CRUISE 1 160  32  64   2  432 |  25.00   36  11  4 0 0  0  0 |          0  3.082e+12  3.915e+14     0 dip,quiet
  97  1          0    0  388 CRUISE 1 160  32  64   2  432 |  22.00   36  14  3 0 0  0  0 |          0  3.058e+12  3.884e+14     0 dip,quiet
  98  1  5.000e+14  391  388 CRUISE 1 160  32  64   2  432 |  27.75   36   9  8 0 1  0  0 |  6.250e+13  3.155e+14  5.104e+14     0 surge
  99  1          0    0  391 CRUISE 1 160  32  64   2  432 |  24.75   36  12  7 0 0  0  0 |          0  3.987e+12  5.064e+14     0 dip,quiet
 100  1          0    0  391 CRUISE 1 160  32  64   2  432 |  21.75   35  14  6 0 0  0  0 |          0  3.956e+12  5.024e+14     0 dip,quiet
 101  1          0    0  391 DEFEND 1 256   0   0  34  432 |  18.75   35  17  5 0 0  0  3 |          0  6.673e+13  4.357e+14     0 dip,quiet,release
 102  1          0    0  389 DEFEND 1 256   0   0  40  432 |  15.75   35  20  4 0 0  0  2 |          0  6.808e+13  3.676e+14     0 dip,quiet,release
 103  1          0    0  387   REST 1 160  32  64   2  432 |  12.75   35  23  3 0 0  5  0 |          0  2.872e+12  3.647e+14     0 dip,quiet,cooldown
 104  1          0    0  387   REST 1 160  32  64   2  432 |   9.75   34  25  2 0 0  4  0 |          0  2.850e+12  3.619e+14     0 dip,quiet,cooldown
 105  1          0    0  387   REST 1 160  32  64   2  432 |   7.25   34  27  1 0 0  3  0 |          0  2.827e+12  3.591e+14     0 dip,quiet,cooldown
 106  1          0    0  387   REST 1 160  32  64   2  432 |   5.25   34  29  0 0 0  2  0 |          0  2.805e+12  3.563e+14     0 quiet,cooldown
 107  1          0    0  387   REST 1 160  32  64   2  432 |   3.75   34  31  0 0 0  1  0 |          0  2.783e+12  3.535e+14     0 quiet,cooldown
 108  1          0    0  387   REST 1 160  32  64   2  432 |   2.75   33  31  0 0 0  0  0 |          0  2.762e+12  3.507e+14     0 quiet,cooldown
 109  1          0    0  386   IDLE 1 160  32  64   2  432 |   2.00   33  31  0 0 0  0  0 |          0  2.740e+12  3.480e+14     0 quiet
 110  1          0    0  386   IDLE 1 160  32  64   2  432 |   1.50   33  32  0 0 0  0  0 |          0  2.719e+12  3.453e+14     0 quiet
 111  1          0    0  386   IDLE 1 160  32  64   2  432 |   1.00   33  32  0 0 0  0  0 |          0  2.697e+12  3.426e+14     0 quiet
 112  1          0    0  386   IDLE 1 160  32  64   2  432 |   0.75   32  32  0 0 0  0  0 |          0  2.676e+12  3.399e+14     0 quiet
 113  1          0    0  386   IDLE 1 160  32  64   2  432 |   0.50   32  32  0 0 0  0  0 |          0  2.655e+12  3.372e+14     0 quiet
 114  1          0    0  386   IDLE 1 160  32  64   2  432 |   0.25   32  32  0 0 0  0  0 |          0  2.635e+12  3.346e+14     0 quiet
 115  1          0    0  386   IDLE 1 160  32  64   2  432 |   0.00   32  32  0 0 0  0  0 |          0  2.614e+12  3.320e+14     0 quiet
 116  1          0    0  386   IDLE 1 160  32  64   2  432 |   0.00   31  31  0 0 0  0  0 |          0  2.594e+12  3.294e+14     0 quiet
 117  1          0    0  386   IDLE 1 160  32  64   2  432 |   0.00   31  31  0 0 0  0  0 |          0  2.573e+12  3.268e+14     0 quiet
 118  1          0    0  386   IDLE 1 160  32  64   2  432 |   0.00   31  31  0 0 0  0  0 |          0  2.553e+12  3.243e+14     0 quiet
 119  1  1.000e+15  399  386 CRUISE 1 160  32  64   2  432 |  53.00   53   0  8 3 0  0  0 |  1.250e+14  6.275e+14  5.717e+14     0 warm
 120  1  2.500e+14  383  393 CRUISE 1 160  32  64   2  432 |  50.00   52   2  8 2 0  0  0 |  3.125e+13  1.607e+14  6.298e+14     0 dip,warm
 121  1          0    0  393 CRUISE 1 160  32  64   2  432 |  47.00   52   5  7 1 0  0  0 |          0  4.920e+12  6.248e+14     0 dip,quiet,warm
 122  1          0    0  393 CRUISE 1 160  32  64   2  432 |  44.00   52   8  6 0 0  0  0 |          0  4.882e+12  6.200e+14     0 dip,quiet,warm
 123  1          0    0  393 CRUISE 1 160  32  64   2  432 |  41.00   52  11  5 0 0  0  0 |          0  4.843e+12  6.151e+14     0 dip,quiet
 124  1          0    0  393 CRUISE 1 160  32  64   2  432 |  38.00   51  13  4 0 0  0  0 |          0  4.806e+12  6.103e+14     0 dip,quiet
 125  1  2.500e+14  383  393 CRUISE 1 160  32  64   2  432 |  37.75   51  14  8 0 0  0  0 |  3.125e+13  1.610e+14  6.680e+14     0 -
 126  1          0    0  394 DEFEND 1 256   0   0  34  432 |  34.75   51  17  7 0 0  0  3 |          0  8.872e+13  5.793e+14     0 dip,quiet,release
 127  1          0    0  393 DEFEND 1 256   0   0  40  432 |  31.75   51  20  6 0 0  0  2 |          0  9.052e+13  4.888e+14     0 dip,quiet,release
 128  1          0    0  390 DEFEND 1 256   0   0  44  432 |  28.75   50  22  5 0 0  0  1 |          0  8.401e+13  4.048e+14     0 dip,quiet,release
 129  1          0    0  388   REST 1 160  32  64   2  432 |  25.75   50  25  4 0 0  5  0 |          0  3.162e+12  4.016e+14     0 dip,quiet,cooldown
 130  1          0    0  388   REST 1 160  32  64   2  432 |  22.75   50  28  3 0 0  4  0 |          0  3.138e+12  3.985e+14     0 dip,quiet,cooldown
 131  1          0    0  388   REST 1 160  32  64   2  432 |  19.75   50  31  2 0 0  3  0 |          0  3.113e+12  3.954e+14     0 dip,quiet,cooldown
 132  1          0    0  388   REST 1 160  32  64   2  432 |  16.75   49  33  1 0 0  2  0 |          0  3.089e+12  3.923e+14     0 dip,quiet,cooldown
 133  1          0    0  388   REST 1 160  32  64   2  432 |  13.75   49  36  0 0 0  1  0 |          0  3.065e+12  3.892e+14     0 dip,quiet,cooldown
 134  1          0    0  388   REST 1 160  32  64   2  432 |  10.75   49  39  0 0 0  0  0 |          0  3.041e+12  3.862e+14     0 quiet,cooldown
 135  1          0    0  387   IDLE 1 160  32  64   2  432 |   8.00   49  41  0 0 0  0  0 |          0  3.017e+12  3.832e+14     0 quiet
 136  1  2.500e+14  383  387 CRUISE 1 160  32  64   2  432 |  37.00   37   0  8 3 0  0  0 |  3.125e+13  1.592e+14  4.427e+14     0 warm
 137  1          0    0  389 CRUISE 1 160  32  64   2  432 |  34.00   37   3  7 2 0  0  0 |          0  3.458e+12  4.392e+14     0 dip,quiet,warm
 138  1          0    0  389 CRUISE 1 160  32  64   2  432 |  31.00   37   6  6 1 0  0  0 |          0  3.431e+12  4.358e+14     0 dip,quiet,warm
 139  1          0    0  389 CRUISE 1 160  32  64   2  432 |  28.00   37   9  5 0 0  0  0 |          0  3.405e+12  4.324e+14     0 dip,quiet,warm
 140  1          0    0  389 CRUISE 1 160  32  64   2  432 |  25.00   36  11  4 0 0  0  0 |          0  3.378e+12  4.290e+14     0 dip,quiet
 141  1          0    0  389 CRUISE 1 160  32  64   2  432 |  22.00   36  14  3 0 0  0  0 |          0  3.352e+12  4.256e+14     0 dip,quiet
 142  1          0    0  389 DEFEND 1 256   0   0  34  432 |  19.00   36  17  2 0 0  0  3 |          0  5.653e+13  3.691e+14     0 dip,quiet,release
 143  1          0    0  387   REST 1 160  32  64   2  432 |  16.00   36  20  1 0 0  5  0 |          0  2.884e+12  3.662e+14     0 dip,quiet,cooldown
 144  1          0    0  387   REST 1 160  32  64   2  432 |  13.00   35  22  0 0 0  4  0 |          0  2.861e+12  3.634e+14     0 dip,quiet,cooldown
 145  1          0    0  387   REST 1 160  32  64   2  432 |  10.00   35  25  0 0 0  3  0 |          0  2.839e+12  3.605e+14     0 quiet,cooldown
 146  1          0    0  387   REST 1 160  32  64   2  432 |   7.50   35  28  0 0 0  2  0 |          0  2.817e+12  3.577e+14     0 quiet,cooldown
 147  1          0    0  387   REST 1 160  32  64   2  432 |   5.50   35  30  0 0 0  1  0 |          0  2.795e+12  3.549e+14     0 quiet,cooldown
 148  1          0    0  387   REST 1 160  32  64   2  432 |   4.00   34  30  0 0 0  0  0 |          0  2.773e+12  3.521e+14     0 quiet,cooldown
 149  1          0    0  387   IDLE 1 160  32  64   2  432 |   3.00   34  31  0 0 0  0  0 |          0  2.751e+12  3.494e+14     0 quiet
 150  1  2.500e+14  383  386 CRUISE 1 160  32  64   2  432 |  37.00   37   0  8 3 0  0  0 |  3.125e+13  1.590e+14  4.092e+14     0 warm
 151  1          0    0  388 CRUISE 1 160  32  64   2  432 |  34.00   37   3  7 2 0  0  0 |          0  3.197e+12  4.060e+14     0 dip,quiet,warm
 152  1          0    0  388 CRUISE 1 160  32  64   2  432 |  31.00   36   5  6 1 0  0  0 |          0  3.172e+12  4.028e+14     0 dip,quiet,warm
 153  1          0    0  388 CRUISE 1 160  32  64   2  432 |  28.00   36   8  5 0 0  0  0 |          0  3.147e+12  3.997e+14     0 dip,quiet,warm
 154  1          0    0  388 CRUISE 1 160  32  64   2  432 |  25.00   36  11  4 0 0  0  0 |          0  3.122e+12  3.965e+14     0 dip,quiet
 155  1          0    0  388 CRUISE 1 160  32  64   2  432 |  22.00   36  14  3 0 0  0  0 |          0  3.098e+12  3.934e+14     0 dip,quiet
 156  1          0    0  388 CRUISE 1 160  32  64   2  432 |  19.00   35  16  2 0 0  0  0 |          0  3.074e+12  3.904e+14     0 dip,quiet
 157  1          0    0  388 CRUISE 1 160  32  64   2  432 |  16.00   35  19  1 0 0  0  0 |          0  3.050e+12  3.873e+14     0 dip,quiet
 158  1          0    0  388   IDLE 1 160  32  64   2  432 |  13.00   35  22  0 0 0  0  0 |          0  3.026e+12  3.843e+14     0 dip,quiet
 159  1          0    0  387   IDLE 1 160  32  64   2  432 |  10.00   35  25  0 0 0  0  0 |          0  3.002e+12  3.813e+14     0 quiet
 160  1          0    0  387   IDLE 1 160  32  64   2  432 |   7.50   34  27  0 0 0  0  0 |          0  2.979e+12  3.783e+14     0 quiet
 161  1          0    0  387   IDLE 1 160  32  64   2  432 |   5.50   34  29  0 0 0  0  0 |          0  2.955e+12  3.753e+14     0 quiet
 162  1          0    0  387   IDLE 1 160  32  64   2  432 |   4.00   34  30  0 0 0  0  0 |          0  2.932e+12  3.724e+14     0 quiet
 163  1          0    0  387   IDLE 1 160  32  64   2  432 |   3.00   34  31  0 0 0  0  0 |          0  2.909e+12  3.695e+14     0 quiet
 164  1          0    0  387   IDLE 1 160  32  64   2  432 |   2.25   33  31  0 0 0  0  0 |          0  2.887e+12  3.666e+14     0 quiet
 165  1          0    0  387   IDLE 1 160  32  64   2  432 |   1.50   33  32  0 0 0  0  0 |          0  2.864e+12  3.638e+14     0 quiet
 166  1          0    0  387   IDLE 1 160  32  64   2  432 |   1.00   33  32  0 0 0  0  0 |          0  2.842e+12  3.609e+14     0 quiet
 167  1          0    0  387   IDLE 1 160  32  64   2  432 |   0.75   33  33  0 0 0  0  0 |          0  2.820e+12  3.581e+14     0 quiet
 168  1          0    0  387   IDLE 1 160  32  64   2  432 |   0.50   32  32  0 0 0  0  0 |          0  2.798e+12  3.553e+14     0 quiet
 169  1          0    0  387   IDLE 1 160  32  64   2  432 |   0.25   32  32  0 0 0  0  0 |          0  2.776e+12  3.525e+14     0 quiet
 170  1          0    0  387   IDLE 1 160  32  64   2  432 |   0.00   32  32  0 0 0  0  0 |          0  2.754e+12  3.498e+14     0 quiet
 171  1          0    0  386   IDLE 1 160  32  64   2  432 |   0.00   32  32  0 0 0  0  0 |          0  2.733e+12  3.470e+14     0 quiet
 172  1          0    0  386   IDLE 1 160  32  64   2  432 |   0.00   31  31  0 0 0  0  0 |          0  2.711e+12  3.443e+14     0 quiet
 173  1          0    0  386   IDLE 1 160  32  64   2  432 |   0.00   31  31  0 0 0  0  0 |          0  2.690e+12  3.416e+14     0 quiet
 174  1          0    0  386   IDLE 1 160  32  64   2  432 |   0.00   31  31  0 0 0  0  0 |          0  2.669e+12  3.390e+14     0 quiet
 175  1          0    0  386   IDLE 1 160  32  64   2  432 |   0.00   31  31  0 0 0  0  0 |          0  2.648e+12  3.363e+14     0 quiet
 176  1          0    0  386   IDLE 1 160  32  64   2  432 |   0.00   30  30  0 0 0  0  0 |          0  2.627e+12  3.337e+14     0 quiet
 177  1          0    0  386   IDLE 1 160  32  64   2  432 |   0.00   30  30  0 0 0  0  0 |          0  2.607e+12  3.311e+14     0 quiet
 178  1  2.500e+14  383  386 CRUISE 1 160  32  64   2  432 |  37.00   37   0  8 3 0  0  0 |  3.125e+13  1.588e+14  3.910e+14     0 warm
 179  1          0    0  388 CRUISE 1 160  32  64   2  432 |  34.00   37   3  7 2 0  0  0 |          0  3.055e+12  3.879e+14     0 dip,quiet,warm
 180  1          0    0  388 CRUISE 1 160  32  64   2  432 |  31.00   36   5  6 1 0  0  0 |          0  3.031e+12  3.849e+14     0 dip,quiet,warm
 181  1          0    0  387 CRUISE 1 160  32  64   2  432 |  28.00   36   8  5 0 0  0  0 |          0  3.007e+12  3.819e+14     0 dip,quiet,warm
 182  1          0    0  387 CRUISE 1 160  32  64   2  432 |  25.00   36  11  4 0 0  0  0 |          0  2.984e+12  3.789e+14     0 dip,quiet
 183  1          0    0  387 CRUISE 1 160  32  64   2  432 |  22.00   36  14  3 0 0  0  0 |          0  2.960e+12  3.760e+14     0 dip,quiet
 184  1          0    0  387 CRUISE 1 160  32  64   2  432 |  19.00   35  16  2 0 0  0  0 |          0  2.937e+12  3.730e+14     0 dip,quiet
 185  1          0    0  387 CRUISE 1 160  32  64   2  432 |  16.00   35  19  1 0 0  0  0 |          0  2.914e+12  3.701e+14     0 dip,quiet
 186  1          0    0  387   IDLE 1 160  32  64   2  432 |  13.00   35  22  0 0 0  0  0 |          0  2.891e+12  3.672e+14     0 dip,quiet
 187  1          0    0  387   IDLE 1 160  32  64   2  432 |  10.00   35  25  0 0 0  0  0 |          0  2.869e+12  3.643e+14     0 quiet
 188  1  2.500e+14  383  387 CRUISE 1 160  32  64   2  432 |  37.00   37   0  8 3 0  0  0 |  3.125e+13  1.591e+14  4.240e+14     0 warm
 189  1          0    0  389 CRUISE 1 160  32  64   2  432 |  34.00   37   3  7 2 0  0  0 |          0  3.312e+12  4.207e+14     0 dip,quiet,warm
 190  1          0    0  388 CRUISE 1 160  32  64   2  432 |  31.00   37   6  6 1 0  0  0 |          0  3.287e+12  4.174e+14     0 dip,quiet,warm
 191  1          0    0  388 CRUISE 1 160  32  64   2  432 |  28.00   37   9  5 0 0  0  0 |          0  3.261e+12  4.141e+14     0 dip,quiet,warm
 192  1          0    0  388 CRUISE 1 160  32  64   2  432 |  25.00   36  11  4 0 0  0  0 |          0  3.235e+12  4.109e+14     0 dip,quiet
 193  1          0    0  388 CRUISE 1 160  32  64   2  432 |  22.00   36  14  3 0 0  0  0 |          0  3.210e+12  4.077e+14     0 dip,quiet
 194  1          0    0  388 CRUISE 1 160  32  64   2  432 |  19.00   36  17  2 0 0  0  0 |          0  3.185e+12  4.045e+14     0 dip,quiet
 195  1          0    0  388 CRUISE 1 160  32  64   2  432 |  16.00   36  20  1 0 0  0  0 |          0  3.160e+12  4.013e+14     0 dip,quiet
 196  1          0    0  388   IDLE 1 160  32  64   2  432 |  13.00   35  22  0 0 0  0  0 |          0  3.136e+12  3.982e+14     0 dip,quiet
 197  1          0    0  388   IDLE 1 160  32  64   2  432 |  10.00   35  25  0 0 0  0  0 |          0  3.111e+12  3.951e+14     0 quiet
 198  1          0    0  388   IDLE 1 160  32  64   2  432 |   7.50   35  28  0 0 0  0  0 |          0  3.087e+12  3.920e+14     0 quiet
 199  1          0    0  388   IDLE 1 160  32  64   2  432 |   5.50   35  30  0 0 0  0  0 |          0  3.063e+12  3.890e+14     0 quiet
 200  1          0    0  388   IDLE 1 160  32  64   2  432 |   4.00   34  30  0 0 0  0  0 |          0  3.039e+12  3.859e+14     0 quiet
 201  1          0    0  387   IDLE 1 160  32  64   2  432 |   3.00   34  31  0 0 0  0  0 |          0  3.015e+12  3.829e+14     0 quiet
 202  1          0    0  387   IDLE 1 160  32  64   2  432 |   2.25   34  32  0 0 0  0  0 |          0  2.991e+12  3.799e+14     0 quiet
 203  1          0    0  387   IDLE 1 160  32  64   2  432 |   1.50   34  33  0 0 0  0  0 |          0  2.968e+12  3.769e+14     0 quiet
 204  1          0    0  387   IDLE 1 160  32  64   2  432 |   1.00   33  32  0 0 0  0  0 |          0  2.945e+12  3.740e+14     0 quiet
 205  1          0    0  387   IDLE 1 160  32  64   2  432 |   0.75   33  33  0 0 0  0  0 |          0  2.922e+12  3.711e+14     0 quiet
 206  1          0    0  387   IDLE 1 160  32  64   2  432 |   0.50   33  33  0 0 0  0  0 |          0  2.899e+12  3.682e+14     0 quiet
 207  1          0    0  387   IDLE 1 160  32  64   2  432 |   0.25   33  33  0 0 0  0  0 |          0  2.876e+12  3.653e+14     0 quiet
 208  1          0    0  387   IDLE 1 160  32  64   2  432 |   0.00   32  32  0 0 0  0  0 |          0  2.854e+12  3.624e+14     0 quiet
 209  1          0    0  387   IDLE 1 160  32  64   2  432 |   0.00   32  32  0 0 0  0  0 |          0  2.832e+12  3.596e+14     0 quiet
 210  1          0    0  387   IDLE 1 160  32  64   2  432 |   0.00   32  32  0 0 0  0  0 |          0  2.809e+12  3.568e+14     0 quiet
 211  1          0    0  387   IDLE 1 160  32  64   2  432 |   0.00   32  32  0 0 0  0  0 |          0  2.788e+12  3.540e+14     0 quiet
 212  1          0    0  387   IDLE 1 160  32  64   2  432 |   0.00   31  31  0 0 0  0  0 |          0  2.766e+12  3.512e+14     0 quiet
 213  1          0    0  386   IDLE 1 160  32  64   2  432 |   0.00   31  31  0 0 0  0  0 |          0  2.744e+12  3.485e+14     0 quiet
 214  1  2.500e+14  383  386 CRUISE 1 160  32  64   2  432 |  37.00   37   0  8 3 0  0  0 |  3.125e+13  1.590e+14  4.083e+14     0 warm
 215  1          0    0  388 CRUISE 1 160  32  64   2  432 |  34.00   37   3  7 2 0  0  0 |          0  3.190e+12  4.051e+14     0 dip,quiet,warm
 216  1          0    0  388 CRUISE 1 160  32  64   2  432 |  31.00   36   5  6 1 0  0  0 |          0  3.165e+12  4.019e+14     0 dip,quiet,warm
 217  1          0    0  388 CRUISE 1 160  32  64   2  432 |  28.00   36   8  5 0 0  0  0 |          0  3.140e+12  3.988e+14     0 dip,quiet,warm
 218  1          0    0  388 CRUISE 1 160  32  64   2  432 |  25.00   36  11  4 0 0  0  0 |          0  3.116e+12  3.957e+14     0 dip,quiet
 219  1          0    0  388 CRUISE 1 160  32  64   2  432 |  22.00   36  14  3 0 0  0  0 |          0  3.091e+12  3.926e+14     0 dip,quiet
 220  1          0    0  388 CRUISE 1 160  32  64   2  432 |  19.00   35  16  2 0 0  0  0 |          0  3.067e+12  3.895e+14     0 dip,quiet
 221  1          0    0  388 CRUISE 1 160  32  64   2  432 |  16.00   35  19  1 0 0  0  0 |          0  3.043e+12  3.865e+14     0 dip,quiet
 222  1          0    0  387   IDLE 1 160  32  64   2  432 |  13.00   35  22  0 0 0  0  0 |          0  3.019e+12  3.834e+14     0 dip,quiet
 223  1          0    0  387   IDLE 1 160  32  64   2  432 |  10.00   35  25  0 0 0  0  0 |          0  2.996e+12  3.805e+14     0 quiet
 224  1          0    0  387   IDLE 1 160  32  64   2  432 |   7.50   34  27  0 0 0  0  0 |          0  2.972e+12  3.775e+14     0 quiet
 225  1          0    0  387   IDLE 1 160  32  64   2  432 |   5.50   34  29  0 0 0  0  0 |          0  2.949e+12  3.745e+14     0 quiet
 226  1          0    0  387   IDLE 1 160  32  64   2  432 |   4.00   34  30  0 0 0  0  0 |          0  2.926e+12  3.716e+14     0 quiet
 227  1          0    0  387   IDLE 1 160  32  64   2  432 |   3.00   34  31  0 0 0  0  0 |          0  2.903e+12  3.687e+14     0 quiet
 228  1          0    0  387   IDLE 1 160  32  64   2  432 |   2.25   33  31  0 0 0  0  0 |          0  2.880e+12  3.658e+14     0 quiet
 229  1          0    0  387   IDLE 1 160  32  64   2  432 |   1.50   33  32  0 0 0  0  0 |          0  2.858e+12  3.630e+14     0 quiet
 230  1          0    0  387   IDLE 1 160  32  64   2  432 |   1.00   33  32  0 0 0  0  0 |          0  2.836e+12  3.601e+14     0 quiet
 231  1          0    0  387   IDLE 1 160  32  64   2  432 |   0.75   33  33  0 0 0  0  0 |          0  2.814e+12  3.573e+14     0 quiet
 232  1          0    0  387   IDLE 1 160  32  64   2  432 |   0.50   32  32  0 0 0  0  0 |          0  2.792e+12  3.545e+14     0 quiet
 233  1          0    0  387   IDLE 1 160  32  64   2  432 |   0.25   32  32  0 0 0  0  0 |          0  2.770e+12  3.518e+14     0 quiet
 234  1          0    0  386   IDLE 1 160  32  64   2  432 |   0.00   32  32  0 0 0  0  0 |          0  2.748e+12  3.490e+14     0 quiet
 235  1          0    0  386   IDLE 1 160  32  64   2  432 |   0.00   32  32  0 0 0  0  0 |          0  2.727e+12  3.463e+14     0 quiet
 236  1          0    0  386   IDLE 1 160  32  64   2  432 |   0.00   31  31  0 0 0  0  0 |          0  2.705e+12  3.436e+14     0 quiet
 237  1          0    0  386   IDLE 1 160  32  64   2  432 |   0.00   31  31  0 0 0  0  0 |          0  2.684e+12  3.409e+14     0 quiet
 238  1  5.000e+14  391  386 CRUISE 1 160  32  64   2  432 |  45.00   45   0  8 3 0  0  0 |  6.250e+13  3.152e+14  4.632e+14     0 warm
 239  1          0    0  390 CRUISE 1 160  32  64   2  432 |  42.00   45   3  7 2 0  0  0 |          0  3.619e+12  4.596e+14     0 dip,quiet,warm
 240  1          0    0  390 CRUISE 1 160  32  64   2  432 |  39.00   44   5  6 1 0  0  0 |          0  3.591e+12  4.560e+14     0 dip,quiet,warm
 241  1          0    0  389 CRUISE 1 160  32  64   2  432 |  36.00   44   8  5 0 0  0  0 |          0  3.563e+12  4.525e+14     0 dip,quiet,warm
 242  1          0    0  389 CRUISE 1 160  32  64   2  432 |  33.00   44  11  4 0 0  0  0 |          0  3.535e+12  4.489e+14     0 dip,quiet
 243  1          0    0  389 CRUISE 1 160  32  64   2  432 |  30.00   44  14  3 0 0  0  0 |          0  3.507e+12  4.454e+14     0 dip,quiet
 244  1          0    0  389 DEFEND 1 256   0   0  32  432 |  27.00   43  16  2 0 0  0  3 |          0  5.568e+13  3.897e+14     0 dip,quiet,release
 245  1          0    0  388   REST 1 160  32  64   2  432 |  24.00   43  19  1 0 0  5  0 |          0  3.045e+12  3.867e+14     0 dip,quiet,cooldown
 246  1  1.000e+15  399  387   REST 1 160  32  64   2  432 |  31.25   43  12  8 0 1  4  0 |  1.250e+14  6.280e+14  6.337e+14     0 surge,cooldown
 247  1          0    0  394   REST 1 160  32  64   2  432 |  28.25   43  15  7 0 0  3  0 |          0  4.951e+12  6.287e+14     0 dip,quiet,cooldown
 248  1          0    0  393   REST 1 160  32  64   2  432 |  25.25   42  17  6 0 0  2  0 |          0  4.912e+12  6.238e+14     0 dip,quiet,cooldown
 249  1          0    0  393   REST 1 160  32  64   2  432 |  22.25   42  20  5 0 0  1  0 |          0  4.873e+12  6.189e+14     0 dip,quiet,cooldown
 250  1          0    0  393   REST 1 160  32  64   2  432 |  19.25   42  23  4 0 0  0  0 |          0  4.835e+12  6.141e+14     0 dip,quiet,cooldown
 251  1  2.500e+14  383  393 DEFEND 1 256   0   0  38  432 |  23.50   42  19  8 0 0  0  3 |          0  3.412e+14  5.229e+14     0 release
 252  1          0    0  391 DEFEND 1 256   0   0  42  432 |  20.50   41  21  7 0 0  0  2 |          0  8.580e+13  4.371e+14     0 dip,quiet,release
 253  1          0    0  389 DEFEND 1 256   0   0  48  432 |  17.50   41  24  6 0 0  0  1 |          0  8.197e+13  3.552e+14     0 dip,quiet,release
 254  1          0    0  387   REST 1 160  32  64   2  432 |  14.50   41  27  5 0 0  5  0 |          0  2.775e+12  3.524e+14     0 dip,quiet,cooldown
 255  1          0    0  387   REST 1 160  32  64   2  432 |  11.50   41  30  4 0 0  4  0 |          0  2.753e+12  3.497e+14     0 dip,quiet,cooldown
 256  1          0    0  386   REST 1 160  32  64   2  432 |   8.50   40  32  3 0 0  3  0 |          0  2.732e+12  3.469e+14     0 dip,quiet,cooldown
 257  1          0    0  386   REST 1 160  32  64   2  432 |   6.25   40  34  2 0 0  2  0 |          0  2.710e+12  3.442e+14     0 dip,quiet,cooldown
 258  1          0    0  386   REST 1 160  32  64   2  432 |   4.50   40  36  1 0 0  1  0 |          0  2.689e+12  3.415e+14     0 quiet,cooldown
 259  1          0    0  386   REST 1 160  32  64   2  432 |   3.25   40  37  0 0 0  0  0 |          0  2.668e+12  3.389e+14     0 quiet,cooldown
 260  1          0    0  386   IDLE 1 160  32  64   2  432 |   2.25   39  37  0 0 0  0  0 |          0  2.647e+12  3.362e+14     0 quiet
 261  1          0    0  386   IDLE 1 160  32  64   2  432 |   1.50   39  38  0 0 0  0  0 |          0  2.627e+12  3.336e+14     0 quiet
 262  1          0    0  386   IDLE 1 160  32  64   2  432 |   1.00   39  38  0 0 0  0  0 |          0  2.606e+12  3.310e+14     0 quiet
 263  1          0    0  386   IDLE 1 160  32  64   2  432 |   0.75   39  39  0 0 0  0  0 |          0  2.586e+12  3.284e+14     0 quiet
 264  1          0    0  386   IDLE 1 160  32  64   2  432 |   0.50   38  38  0 0 0  0  0 |          0  2.566e+12  3.258e+14     0 quiet
 265  1          0    0  386   IDLE 1 160  32  64   2  432 |   0.25   38  38  0 0 0  0  0 |          0  2.546e+12  3.233e+14     0 quiet
 266  1          0    0  386   IDLE 1 160  32  64   2  432 |   0.00   38  38  0 0 0  0  0 |          0  2.526e+12  3.208e+14     0 quiet
 267  1          0    0  386   IDLE 1 160  32  64   2  432 |   0.00   38  38  0 0 0  0  0 |          0  2.506e+12  3.182e+14     0 quiet
 268  1          0    0  386   IDLE 1 160  32  64   2  432 |   0.00   37  37  0 0 0  0  0 |          0  2.486e+12  3.158e+14     0 quiet
 269  1          0    0  385   IDLE 1 160  32  64   2  432 |   0.00   37  37  0 0 0  0  0 |          0  2.467e+12  3.133e+14     0 quiet
 270  1          0    0  385   IDLE 1 160  32  64   2  432 |   0.00   37  37  0 0 0  0  0 |          0  2.448e+12  3.108e+14     0 quiet
 271  1          0    0  385   IDLE 1 160  32  64   2  432 |   0.00   37  37  0 0 0  0  0 |          0  2.428e+12  3.084e+14     0 quiet
 272  1          0    0  385   IDLE 1 160  32  64   2  432 |   0.00   36  36  0 0 0  0  0 |          0  2.410e+12  3.060e+14     0 quiet
 273  1          0    0  385   IDLE 1 160  32  64   2  432 |   0.00   36  36  0 0 0  0  0 |          0  2.391e+12  3.036e+14     0 quiet
 274  1          0    0  385   IDLE 1 160  32  64   2  432 |   0.00   36  36  0 0 0  0  0 |          0  2.372e+12  3.012e+14     0 quiet
 275  1          0    0  385   IDLE 1 160  32  64   2  432 |   0.00   36  36  0 0 0  0  0 |          0  2.353e+12  2.989e+14     0 quiet
 276  1          0    0  385   IDLE 1 160  32  64   2  432 |   0.00   35  35  0 0 0  0  0 |          0  2.335e+12  2.966e+14     0 quiet
 277  1  2.500e+14  383  385 CRUISE 1 160  32  64   2  432 |  37.00   37   0  8 3 0  0  0 |  3.125e+13  1.586e+14  3.567e+14     0 warm
 278  1          0    0  387 CRUISE 1 160  32  64   2  432 |  34.00   37   3  7 2 0  0  0 |          0  2.787e+12  3.540e+14     0 dip,quiet,warm
 279  1          0    0  387 CRUISE 1 160  32  64   2  432 |  31.00   37   6  6 1 0  0  0 |          0  2.765e+12  3.512e+14     0 dip,quiet,warm
 280  1          0    0  386 CRUISE 1 160  32  64   2  432 |  28.00   36   8  5 0 0  0  0 |          0  2.744e+12  3.484e+14     0 dip,quiet,warm
 281  1          0    0  386 CRUISE 1 160  32  64   2  432 |  25.00   36  11  4 0 0  0  0 |          0  2.722e+12  3.457e+14     0 dip,quiet
 282  1          0    0  386 CRUISE 1 160  32  64   2  432 |  22.00   36  14  3 0 0  0  0 |          0  2.701e+12  3.430e+14     0 dip,quiet
 283  1          0    0  386 CRUISE 1 160  32  64   2  432 |  19.00   36  17  2 0 0  0  0 |          0  2.680e+12  3.403e+14     0 dip,quiet
 284  1          0    0  386 CRUISE 1 160  32  64   2  432 |  16.00   35  19  1 0 0  0  0 |          0  2.659e+12  3.377e+14     0 dip,quiet
 285  1          0    0  386   IDLE 1 160  32  64   2  432 |  13.00   35  22  0 0 0  0  0 |          0  2.638e+12  3.350e+14     0 dip,quiet
 286  1          0    0  386   IDLE 1 160  32  64   2  432 |  10.00   35  25  0 0 0  0  0 |          0  2.618e+12  3.324e+14     0 quiet
 287  1          0    0  386   IDLE 1 160  32  64   2  432 |   7.50   35  28  0 0 0  0  0 |          0  2.597e+12  3.298e+14     0 quiet
 288  1          0    0  386   IDLE 1 160  32  64   2  432 |   5.50   34  29  0 0 0  0  0 |          0  2.577e+12  3.273e+14     0 quiet
 289  1          0    0  386   IDLE 1 160  32  64   2  432 |   4.00   34  30  0 0 0  0  0 |          0  2.557e+12  3.247e+14     0 quiet
 290  1  5.000e+14  391  386 CRUISE 1 160  32  64   2  432 |  45.00   45   0  8 3 0  0  0 |  6.250e+13  3.150e+14  4.472e+14     0 warm
 291  1          0    0  389 CRUISE 1 160  32  64   2  432 |  42.00   45   3  7 2 0  0  0 |          0  3.493e+12  4.437e+14     0 dip,quiet,warm
 292  1          0    0  389 CRUISE 1 160  32  64   2  432 |  39.00   44   5  6 1 0  0  0 |          0  3.466e+12  4.402e+14     0 dip,quiet,warm
 293  1          0    0  389 CRUISE 1 160  32  64   2  432 |  36.00   44   8  5 0 0  0  0 |          0  3.439e+12  4.368e+14     0 dip,quiet,warm
 294  1          0    0  389 CRUISE 1 160  32  64   2  432 |  33.00   44  11  4 0 0  0  0 |          0  3.412e+12  4.333e+14     0 dip,quiet
 295  1          0    0  389 CRUISE 1 160  32  64   2  432 |  30.00   44  14  3 0 0  0  0 |          0  3.386e+12  4.300e+14     0 dip,quiet
 296  1          0    0  389 DEFEND 1 256   0   0  32  432 |  27.00   43  16  2 0 0  0  3 |          0  5.375e+13  3.762e+14     0 dip,quiet,release
 297  1          0    0  387   REST 1 160  32  64   2  432 |  24.00   43  19  1 0 0  5  0 |          0  2.939e+12  3.733e+14     0 dip,quiet,cooldown
 298  1          0    0  387   REST 1 160  32  64   2  432 |  21.00   43  22  0 0 0  4  0 |          0  2.916e+12  3.704e+14     0 dip,quiet,cooldown
 299  1  2.500e+14  383  387   REST 1 160  32  64   2  432 |  37.00   37   0  8 3 0  3  0 |  3.125e+13  1.591e+14  4.300e+14     0 cooldown,warm
 300  1  1.000e+15  399  389   REST 1 160  32  64   2  432 |  53.00   53   0  8 2 0  2  0 |  1.250e+14  6.284e+14  6.766e+14     0 cooldown,warm
 301  1          0    0  394   REST 1 160  32  64   2  432 |  50.00   53   3  7 1 0  1  0 |          0  5.286e+12  6.713e+14     0 dip,quiet,cooldown,warm
 302  1          0    0  394   REST 1 160  32  64   2  432 |  47.00   53   6  6 0 0  0  0 |          0  5.245e+12  6.661e+14     0 dip,quiet,cooldown,warm
 303  1          0    0  394 CRUISE 1 160  32  64   2  432 |  44.00   53   9  5 0 0  0  0 |          0  5.204e+12  6.609e+14     0 dip,quiet
 304  1          0    0  394 CRUISE 1 160  32  64   2  432 |  41.00   52  11  4 0 0  0  0 |          0  5.163e+12  6.557e+14     0 dip,quiet
 305  1          0    0  394 CRUISE 1 160  32  64   2  432 |  38.00   52  14  3 0 0  0  0 |          0  5.123e+12  6.506e+14     0 dip,quiet
 306  1          0    0  394 DEFEND 1 256   0   0  34  432 |  35.00   52  17  2 0 0  0  3 |          0  8.641e+13  5.642e+14     0 dip,quiet,release
 307  1  2.500e+14  383  393 DEFEND 1 256   0   0  34  432 |  35.50   52  17  8 0 0  0  2 |          0  3.249e+14  4.893e+14     0 release
 308  1          0    0  390 DEFEND 1 256   0   0  38  432 |  32.50   51  19  7 0 0  0  1 |          0  7.262e+13  4.166e+14     0 dip,quiet,release
 309  1  2.500e+14  383  388   REST 1 160  32  64   2  432 |  33.50   51  18  8 0 0  5  0 |  3.125e+13  1.595e+14  4.759e+14     0 cooldown
 310  1          0    0  390   REST 1 160  32  64   2  432 |  30.50   51  21  7 0 0  4  0 |          0  3.718e+12  4.722e+14     0 dip,quiet,cooldown
 311  1          0    0  390   REST 1 160  32  64   2  432 |  27.50   51  24  6 0 0  3  0 |          0  3.689e+12  4.685e+14     0 dip,quiet,cooldown
 312  1          0    0  390   REST 1 160  32  64   2  432 |  24.50   50  26  5 0 0  2  0 |          0  3.660e+12  4.648e+14     0 dip,quiet,cooldown
 313  1          0    0  390   REST 1 160  32  64   2  432 |  21.50   50  29  4 0 0  1  0 |          0  3.631e+12  4.612e+14     0 dip,quiet,cooldown
 314  1          0    0  390   REST 1 160  32  64   2  432 |  18.50   50  32  3 0 0  0  0 |          0  3.603e+12  4.576e+14     0 dip,quiet,cooldown
 315  1          0    0  390 DEFEND 1 256   0   0  64  432 |  15.50   50  35  2 0 0  0  3 |          0  1.144e+14  3.432e+14     0 dip,quiet,release
 316  1          0    0  386   REST 1 160  32  64   2  432 |  12.50   49  37  1 0 0  5  0 |          0  2.681e+12  3.405e+14     0 dip,quiet,cooldown
 317  1          0    0  386   REST 1 160  32  64   2  432 |   9.50   49  40  0 0 0  4  0 |          0  2.660e+12  3.378e+14     0 dip,quiet,cooldown
 318  1          0    0  386   REST 1 160  32  64   2  432 |   7.00   49  42  0 0 0  3  0 |          0  2.639e+12  3.352e+14     0 quiet,cooldown
 319  1          0    0  386   REST 1 160  32  64   2  432 |   5.25   49  44  0 0 0  2  0 |          0  2.619e+12  3.326e+14     0 quiet,cooldown
 320  1          0    0  386   REST 1 160  32  64   2  432 |   3.75   48  45  0 0 0  1  0 |          0  2.598e+12  3.300e+14     0 quiet,cooldown
 321  1          0    0  386   REST 1 160  32  64   2  432 |   2.75   48  46  0 0 0  0  0 |          0  2.578e+12  3.274e+14     0 quiet,cooldown
 322  1          0    0  386   IDLE 1 160  32  64   2  432 |   2.00   48  46  0 0 0  0  0 |          0  2.558e+12  3.248e+14     0 quiet
 323  1          0    0  386   IDLE 1 160  32  64   2  432 |   1.50   48  47  0 0 0  0  0 |          0  2.538e+12  3.223e+14     0 quiet
 324  1          0    0  386   IDLE 1 160  32  64   2  432 |   1.00   47  46  0 0 0  0  0 |          0  2.518e+12  3.198e+14     0 quiet
 325  1          0    0  386   IDLE 1 160  32  64   2  432 |   0.75   47  47  0 0 0  0  0 |          0  2.498e+12  3.173e+14     0 quiet
 326  1          0    0  386   IDLE 1 160  32  64   2  432 |   0.50   47  47  0 0 0  0  0 |          0  2.479e+12  3.148e+14     0 quiet
 327  1          0    0  385   IDLE 1 160  32  64   2  432 |   0.25   47  47  0 0 0  0  0 |          0  2.459e+12  3.124e+14     0 quiet
 328  1  2.500e+14  383  385 CRUISE 1 160  32  64   2  432 |  37.00   37   0  8 3 0  0  0 |  3.125e+13  1.587e+14  3.724e+14     0 warm
 329  1          0    0  387 CRUISE 1 160  32  64   2  432 |  34.00   37   3  7 2 0  0  0 |          0  2.909e+12  3.695e+14     0 dip,quiet,warm
 330  1  2.500e+14  383  387 CRUISE 1 160  32  64   2  432 |  37.00   37   0  8 1 0  0  0 |  3.125e+13  1.591e+14  4.291e+14     0 warm
 331  1  2.500e+14  383  389 CRUISE 1 160  32  64   2  432 |  37.00   37   0  8 0 0  0  0 |  3.125e+13  1.596e+14  4.883e+14     0 warm
 332  1          0    0  390 CRUISE 1 160  32  64   2  432 |  34.00   36   2  7 0 0  0  0 |          0  3.815e+12  4.845e+14     0 dip,quiet
 333  1          0    0  390 CRUISE 1 160  32  64   2  432 |  31.00   36   5  6 0 0  0  0 |          0  3.785e+12  4.807e+14     0 dip,quiet
 334  1          0    0  390 CRUISE 1 160  32  64   2  432 |  28.00   36   8  5 0 0  0  0 |          0  3.755e+12  4.769e+14     0 dip,quiet
 335  1          0    0  390 CRUISE 1 160  32  64   2  432 |  25.00   36  11  4 0 0  0  0 |          0  3.726e+12  4.732e+14     0 dip,quiet
 336  1          0    0  390 CRUISE 1 160  32  64   2  432 |  22.00   35  13  3 0 0  0  0 |          0  3.697e+12  4.695e+14     0 dip,quiet
 337  1          0    0  390 DEFEND 1 256   0   0  32  432 |  19.00   35  16  2 0 0  0  3 |          0  5.869e+13  4.108e+14     0 dip,quiet,release
 338  1          0    0  388   REST 1 160  32  64   2  432 |  16.00   35  19  1 0 0  5  0 |          0  3.209e+12  4.076e+14     0 dip,quiet,cooldown
 339  1          0    0  388   REST 1 160  32  64   2  432 |  13.00   35  22  0 0 0  4  0 |          0  3.184e+12  4.044e+14     0 dip,quiet,cooldown
 340  1  2.500e+14  383  388   REST 1 160  32  64   2  432 |  37.00   37   0  8 3 0  3  0 |  3.125e+13  1.594e+14  4.637e+14     0 cooldown,warm
 341  1          0    0  390   REST 1 160  32  64   2  432 |  34.00   37   3  7 2 0  2  0 |          0  3.623e+12  4.601e+14     0 dip,quiet,cooldown,warm
 342  1          0    0  390   REST 1 160  32  64   2  432 |  31.00   37   6  6 1 0  1  0 |          0  3.595e+12  4.565e+14     0 dip,quiet,cooldown,warm
 343  1          0    0  389   REST 1 160  32  64   2  432 |  28.00   37   9  5 0 0  0  0 |          0  3.567e+12  4.530e+14     0 dip,quiet,cooldown,warm
 344  1          0    0  389 CRUISE 1 160  32  64   2  432 |  25.00   36  11  4 0 0  0  0 |          0  3.539e+12  4.494e+14     0 dip,quiet
 345  1          0    0  389 CRUISE 1 160  32  64   2  432 |  22.00   36  14  3 0 0  0  0 |          0  3.511e+12  4.459e+14     0 dip,quiet
 346  1          0    0  389 DEFEND 1 256   0   0  34  432 |  19.00   36  17  2 0 0  0  3 |          0  5.922e+13  3.867e+14     0 dip,quiet,release
 347  1          0    0  387   REST 1 160  32  64   2  432 |  16.00   36  20  1 0 0  5  0 |          0  3.021e+12  3.837e+14     0 dip,quiet,cooldown
 348  1          0    0  387   REST 1 160  32  64   2  432 |  13.00   35  22  0 0 0  4  0 |          0  2.997e+12  3.807e+14     0 dip,quiet,cooldown
 349  1          0    0  387   REST 1 160  32  64   2  432 |  10.00   35  25  0 0 0  3  0 |          0  2.974e+12  3.777e+14     0 quiet,cooldown
 350  1          0    0  387   REST 1 160  32  64   2  432 |   7.50   35  28  0 0 0  2  0 |          0  2.951e+12  3.747e+14     0 quiet,cooldown
 351  1          0    0  387   REST 1 160  32  64   2  432 |   5.50   35  30  0 0 0  1  0 |          0  2.928e+12  3.718e+14     0 quiet,cooldown
 352  1  2.500e+14  383  387   REST 1 160  32  64   2  432 |  37.00   37   0  8 3 0  0  0 |  3.125e+13  1.592e+14  4.314e+14     0 cooldown,warm
 353  1          0    0  389 CRUISE 1 160  32  64   2  432 |  34.00   37   3  7 2 0  0  0 |          0  3.370e+12  4.280e+14     0 dip,quiet,warm
 354  1          0    0  389 CRUISE 1 160  32  64   2  432 |  31.00   37   6  6 1 0  0  0 |          0  3.344e+12  4.247e+14     0 dip,quiet,warm
 355  1          0    0  389 CRUISE 1 160  32  64   2  432 |  28.00   37   9  5 0 0  0  0 |          0  3.318e+12  4.214e+14     0 dip,quiet,warm
 356  1          0    0  388 CRUISE 1 160  32  64   2  432 |  25.00   36  11  4 0 0  0  0 |          0  3.292e+12  4.181e+14     0 dip,quiet
 357  1          0    0  388 CRUISE 1 160  32  64   2  432 |  22.00   36  14  3 0 0  0  0 |          0  3.266e+12  4.148e+14     0 dip,quiet
 358  1  5.000e+14  391  388 CRUISE 1 160  32  64   2  432 |  27.75   36   9  8 0 1  0  0 |  6.250e+13  3.157e+14  5.366e+14     0 surge
 359  1          0    0  392 CRUISE 1 160  32  64   2  432 |  24.75   36  12  7 0 0  0  0 |          0  4.192e+12  5.324e+14     0 dip,quiet
 360  1          0    0  392 CRUISE 1 160  32  64   2  432 |  21.75   35  14  6 0 0  0  0 |          0  4.159e+12  5.282e+14     0 dip,quiet
 361  1          0    0  392 DEFEND 1 256   0   0  34  432 |  18.75   35  17  5 0 0  0  3 |          0  7.016e+13  4.581e+14     0 dip,quiet,release
 362  1          0    0  390 DEFEND 1 256   0   0  40  432 |  15.75   35  20  4 0 0  0  2 |          0  7.157e+13  3.865e+14     0 dip,quiet,release
 363  1          0    0  387   REST 1 160  32  64   2  432 |  12.75   35  23  3 0 0  5  0 |          0  3.020e+12  3.835e+14     0 dip,quiet,cooldown
 364  1          0    0  387   REST 1 160  32  64   2  432 |   9.75   34  25  2 0 0  4  0 |          0  2.996e+12  3.805e+14     0 dip,quiet,cooldown
 365  1          0    0  387   REST 1 160  32  64   2  432 |   7.25   34  27  1 0 0  3  0 |          0  2.973e+12  3.775e+14     0 dip,quiet,cooldown
 366  1          0    0  387   REST 1 160  32  64   2  432 |   5.25   34  29  0 0 0  2  0 |          0  2.949e+12  3.746e+14     0 quiet,cooldown
 367  1          0    0  387   REST 1 160  32  64   2  432 |   3.75   34  31  0 0 0  1  0 |          0  2.926e+12  3.716e+14     0 quiet,cooldown
 368  1          0    0  387   REST 1 160  32  64   2  432 |   2.75   33  31  0 0 0  0  0 |          0  2.903e+12  3.687e+14     0 quiet,cooldown
 369  1          0    0  387   IDLE 1 160  32  64   2  432 |   2.00   33  31  0 0 0  0  0 |          0  2.881e+12  3.659e+14     0 quiet
 370  1          0    0  387   IDLE 1 160  32  64   2  432 |   1.50   33  32  0 0 0  0  0 |          0  2.858e+12  3.630e+14     0 quiet
 371  1          0    0  387   IDLE 1 160  32  64   2  432 |   1.00   33  32  0 0 0  0  0 |          0  2.836e+12  3.602e+14     0 quiet
 372  1          0    0  387   IDLE 1 160  32  64   2  432 |   0.75   32  32  0 0 0  0  0 |          0  2.814e+12  3.573e+14     0 quiet
 373  1  2.500e+14  383  387 CRUISE 1 160  32  64   2  432 |  37.00   37   0  8 3 0  0  0 |  3.125e+13  1.590e+14  4.171e+14     0 warm
 374  1          0    0  388 CRUISE 1 160  32  64   2  432 |  34.00   37   3  7 2 0  0  0 |          0  3.258e+12  4.138e+14     0 dip,quiet,warm
 375  1  5.000e+14  391  388 CRUISE 1 160  32  64   2  432 |  45.00   45   0  8 1 0  0  0 |  6.250e+13  3.157e+14  5.356e+14     0 warm
 376  1          0    0  392 CRUISE 1 160  32  64   2  432 |  42.00   44   2  7 0 0  0  0 |          0  4.184e+12  5.314e+14     0 dip,quiet,warm
 377  1          0    0  392 CRUISE 1 160  32  64   2  432 |  39.00   44   5  6 0 0  0  0 |          0  4.151e+12  5.272e+14     0 dip,quiet
 378  1          0    0  391 CRUISE 1 160  32  64   2  432 |  36.00   44   8  5 0 0  0  0 |          0  4.119e+12  5.231e+14     0 dip,quiet
 379  1          0    0  391 CRUISE 1 160  32  64   2  432 |  33.00   44  11  4 0 0  0  0 |          0  4.087e+12  5.190e+14     0 dip,quiet
 380  1          0    0  391 CRUISE 1 160  32  64   2  432 |  30.00   43  13  3 0 0  0  0 |          0  4.055e+12  5.150e+14     0 dip,quiet
 381  1          0    0  391 DEFEND 1 256   0   0  32  432 |  27.00   43  16  2 0 0  0  3 |          0  6.437e+13  4.506e+14     0 dip,quiet,release
 382  1          0    0  389 DEFEND 1 256   0   0  38  432 |  24.00   43  19  1 0 0  0  2 |          0  6.689e+13  3.837e+14     0 dip,quiet,release
 383  1          0    0  387   REST 1 160  32  64   2  432 |  21.00   43  22  0 0 0  5  0 |          0  2.998e+12  3.807e+14     0 dip,quiet,cooldown
 384  1          0    0  387   REST 1 160  32  64   2  432 |  18.00   42  24  0 0 0  4  0 |          0  2.974e+12  3.777e+14     0 quiet,cooldown
 385  1          0    0  387   REST 1 160  32  64   2  432 |  15.00   42  27  0 0 0  3  0 |          0  2.951e+12  3.748e+14     0 quiet,cooldown
 386  1          0    0  387   REST 1 160  32  64   2  432 |  12.00   42  30  0 0 0  2  0 |          0  2.928e+12  3.719e+14     0 quiet,cooldown
 387  1          0    0  387   REST 1 160  32  64   2  432 |   9.00   42  33  0 0 0  1  0 |          0  2.905e+12  3.690e+14     0 quiet,cooldown
 388  1          0    0  387   REST 1 160  32  64   2  432 |   6.75   41  35  0 0 0  0  0 |          0  2.882e+12  3.661e+14     0 quiet,cooldown
 389  1          0    0  387   IDLE 1 160  32  64   2  432 |   5.00   41  36  0 0 0  0  0 |          0  2.860e+12  3.632e+14     0 quiet
 390  1          0    0  387   IDLE 1 160  32  64   2  432 |   3.75   41  38  0 0 0  0  0 |          0  2.838e+12  3.604e+14     0 quiet
 391  1          0    0  387   IDLE 1 160  32  64   2  432 |   2.75   41  39  0 0 0  0  0 |          0  2.815e+12  3.576e+14     0 quiet
 392  1  5.000e+14  391  387 CRUISE 1 160  32  64   2  432 |  45.00   45   0  8 3 0  0  0 |  6.250e+13  3.153e+14  4.798e+14     0 warm
 393  1  2.500e+14  383  390 CRUISE 1 160  32  64   2  432 |  43.00   45   2  8 2 0  0  0 |  3.125e+13  1.600e+14  5.385e+14     0 dip,warm
 394  1          0    0  392 CRUISE 1 160  32  64   2  432 |  40.00   45   5  7 1 0  0  0 |          0  4.207e+12  5.343e+14     0 dip,quiet,warm
 395  1          0    0  392 CRUISE 1 160  32  64   2  432 |  37.00   45   8  6 0 0  0  0 |          0  4.174e+12  5.301e+14     0 dip,quiet,warm
 396  1          0    0  392 CRUISE 1 160  32  64   2  432 |  34.00   44  10  5 0 0  0  0 |          0  4.142e+12  5.260e+14     0 dip,quiet
 397  1  2.500e+14  383  391 CRUISE 1 160  32  64   2  432 |  34.75   44  10  8 0 0  0  0 |  3.125e+13  1.604e+14  5.844e+14     0 -
 398  1          0    0  393 CRUISE 1 160  32  64   2  432 |  31.75   44  13  7 0 0  0  0 |          0  4.566e+12  5.798e+14     0 dip,quiet
 399  1          0    0  393 DEFEND 1 256   0   0  32  432 |  28.75   44  16  6 0 0  0  3 |          0  7.248e+13  5.073e+14     0 dip,quiet,release
 400  1          0    0  391 DEFEND 1 256   0   0  36  432 |  25.75   43  18  5 0 0  0  2 |          0  7.135e+13  4.360e+14     0 dip,quiet,release
 401  1          0    0  389 DEFEND 1 256   0   0  42  432 |  22.75   43  21  4 0 0  0  1 |          0  7.153e+13  3.645e+14     0 dip,quiet,release
 402  1          0    0  387   REST 1 160  32  64   2  432 |  19.75   43  24  3 0 0  5  0 |          0  2.847e+12  3.616e+14     0 dip,quiet,cooldown
 403  1          0    0  387   REST 1 160  32  64   2  432 |  16.75   43  27  2 0 0  4  0 |          0  2.825e+12  3.588e+14     0 dip,quiet,cooldown
 404  1  1.000e+15  399  387   REST 1 160  32  64   2  432 |  25.75   42  17  8 0 1  3  0 |  1.250e+14  6.278e+14  6.060e+14     0 surge,cooldown
 405  1          0    0  393   REST 1 160  32  64   2  432 |  22.75   42  20  7 0 0  2  0 |          0  4.734e+12  6.013e+14     0 dip,quiet,cooldown
 406  1          0    0  393   REST 1 160  32  64   2  432 |  19.75   42  23  6 0 0  1  0 |          0  4.697e+12  5.966e+14     0 dip,quiet,cooldown
 407  1          0    0  393   REST 1 160  32  64   2  432 |  16.75   42  26  5 0 0  0  0 |          0  4.661e+12  5.919e+14     0 dip,quiet,cooldown
 408  1          0    0  393 DEFEND 1 256   0   0  56  432 |  13.75   41  28  4 0 0  0  3 |          0  1.295e+14  4.624e+14     0 dip,quiet,release
 409  1          0    0  390 DEFEND 1 256   0   0  62  432 |  10.75   41  31  3 0 0  0  2 |          0  1.120e+14  3.504e+14     0 dip,quiet,release
 410  1          0    0  386   REST 1 160  32  64   2  432 |   8.00   41  33  2 0 0  5  0 |          0  2.738e+12  3.477e+14     0 dip,quiet,cooldown
 411  1          0    0  386   REST 1 160  32  64   2  432 |   6.00   41  35  1 0 0  4  0 |          0  2.716e+12  3.450e+14     0 dip,quiet,cooldown
 412  1          0    0  386   REST 1 160  32  64   2  432 |   4.50   40  36  0 0 0  3  0 |          0  2.695e+12  3.423e+14     0 quiet,cooldown
 413  1          0    0  386   REST 1 160  32  64   2  432 |   3.25   40  37  0 0 0  2  0 |          0  2.674e+12  3.396e+14     0 quiet,cooldown
 414  1          0    0  386   REST 1 160  32  64   2  432 |   2.25   40  38  0 0 0  1  0 |          0  2.653e+12  3.370e+14     0 quiet,cooldown
 415  1          0    0  386   REST 1 160  32  64   2  432 |   1.50   40  39  0 0 0  0  0 |          0  2.632e+12  3.343e+14     0 quiet,cooldown
 416  1          0    0  386   IDLE 1 160  32  64   2  432 |   1.00   39  38  0 0 0  0  0 |          0  2.612e+12  3.317e+14     0 quiet
 417  1          0    0  386   IDLE 1 160  32  64   2  432 |   0.75   39  39  0 0 0  0  0 |          0  2.591e+12  3.291e+14     0 quiet
 418  1          0    0  386   IDLE 1 160  32  64   2  432 |   0.50   39  39  0 0 0  0  0 |          0  2.571e+12  3.265e+14     0 quiet
 419  1          0    0  386   IDLE 1 160  32  64   2  432 |   0.25   39  39  0 0 0  0  0 |          0  2.551e+12  3.240e+14     0 quiet
 420  1          0    0  386   IDLE 1 160  32  64   2  432 |   0.00   38  38  0 0 0  0  0 |          0  2.531e+12  3.215e+14     0 quiet
 421  1          0    0  386   IDLE 1 160  32  64   2  432 |   0.00   38  38  0 0 0  0  0 |          0  2.511e+12  3.190e+14     0 quiet
 422  1          0    0  386   IDLE 1 160  32  64   2  432 |   0.00   38  38  0 0 0  0  0 |          0  2.492e+12  3.165e+14     0 quiet
 423  1          0    0  385   IDLE 1 160  32  64   2  432 |   0.00   38  38  0 0 0  0  0 |          0  2.472e+12  3.140e+14     0 quiet
 424  1          0    0  385   IDLE 1 160  32  64   2  432 |   0.00   37  37  0 0 0  0  0 |          0  2.453e+12  3.115e+14     0 quiet
 425  1          0    0  385   IDLE 1 160  32  64   2  432 |   0.00   37  37  0 0 0  0  0 |          0  2.434e+12  3.091e+14     0 quiet
 426  1  1.000e+15  399  385 CRUISE 1 160  32  64   2  432 |  53.00   53   0  8 3 0  0  0 |  1.250e+14  6.274e+14  5.567e+14     0 warm
 427  1          0    0  392 CRUISE 1 160  32  64   2  432 |  50.00   53   3  7 2 0  0  0 |          0  4.349e+12  5.523e+14     0 dip,quiet,warm
 428  1          0    0  392 CRUISE 1 160  32  64   2  432 |  47.00   52   5  6 1 0  0  0 |          0  4.315e+12  5.480e+14     0 dip,quiet,warm
 429  1          0    0  392 CRUISE 1 160  32  64   2  432 |  44.00   52   8  5 0 0  0  0 |          0  4.281e+12  5.437e+14     0 dip,quiet,warm
 430  1          0    0  392 CRUISE 1 160  32  64   2  432 |  41.00   52  11  4 0 0  0  0 |          0  4.248e+12  5.395e+14     0 dip,quiet
 431  1  2.500e+14  383  392 CRUISE 1 160  32  64   2  432 |  40.00   52  12  8 0 0  0  0 |  3.125e+13  1.605e+14  5.978e+14     0 -
 432  1          0    0  393 CRUISE 1 160  32  64   2  432 |  37.00   51  14  7 0 0  0  0 |          0  4.670e+12  5.931e+14     0 dip,quiet
 433  1          0    0  393 DEFEND 1 256   0   0  34  432 |  34.00   51  17  6 0 0  0  3 |          0  7.877e+13  5.143e+14     0 dip,quiet,release
 434  1  5.000e+14  391  391 DEFEND 1 256   0   0  32  432 |  36.75   51  15  8 0 0  0  2 |          0  5.643e+14  4.500e+14     0 release
 435  1          0    0  389 DEFEND 1 256   0   0  36  432 |  33.75   51  18  7 0 0  0  1 |          0  6.329e+13  3.868e+14     0 dip,quiet,release
 436  1          0    0  387   REST 1 160  32  64   2  432 |  30.75   50  20  6 0 0  5  0 |          0  3.022e+12  3.837e+14     0 dip,quiet,cooldown
 437  1          0    0  387   REST 1 160  32  64   2  432 |  27.75   50  23  5 0 0  4  0 |          0  2.998e+12  3.807e+14     0 dip,quiet,cooldown
 438  1          0    0  387   REST 1 160  32  64   2  432 |  24.75   50  26  4 0 0  3  0 |          0  2.975e+12  3.778e+14     0 dip,quiet,cooldown
 439  1          0    0  387   REST 1 160  32  64   2  432 |  21.75   50  29  3 0 0  2  0 |          0  2.951e+12  3.748e+14     0 dip,quiet,cooldown
 440  1  2.500e+14  383  387   REST 1 160  32  64   2  432 |  25.50   49  24  8 0 0  1  0 |  3.125e+13  1.592e+14  4.344e+14     0 cooldown
 441  1          0    0  389   REST 1 160  32  64   2  432 |  22.50   49  27  7 0 0  0  0 |          0  3.394e+12  4.310e+14     0 dip,quiet,cooldown
 442  1          0    0  389 DEFEND 1 256   0   0  60  432 |  19.50   49  30  6 0 0  0  3 |          0  1.010e+14  3.300e+14     0 dip,quiet,release
 443  1          0    0  386   REST 1 160  32  64   2  432 |  16.50   49  33  5 0 0  5  0 |          0  2.578e+12  3.274e+14     0 dip,quiet,cooldown
 444  1          0    0  386   REST 1 160  32  64   2  432 |  13.50   48  35  4 0 0  4  0 |          0  2.558e+12  3.248e+14     0 dip,quiet,cooldown
 445  1  5.000e+14  391  386   REST 1 160  32  64   2  432 |  21.25   48  27  8 0 0  3  0 |  6.250e+13  3.150e+14  4.473e+14     0 cooldown
 446  1          0    0  389   REST 1 160  32  64   2  432 |  18.25   48  30  7 0 0  2  0 |          0  3.495e+12  4.438e+14     0 dip,quiet,cooldown
 447  1  2.500e+14  383  389   REST 1 160  32  64   2  432 |  22.75   48  26  8 0 0  1  0 |  3.125e+13  1.597e+14  5.028e+14     0 cooldown
 448  1          0    0  391   REST 1 160  32  64   2  432 |  19.75   47  28  7 0 0  0  0 |          0  3.928e+12  4.989e+14     0 dip,quiet,cooldown
 449  1          0    0  391 DEFEND 1 256   0   0  62  432 |  16.75   47  31  6 0 0  0  3 |          0  1.208e+14  3.781e+14     0 dip,quiet,release
 450  1          0    0  387   REST 1 160  32  64   2  432 |  13.75   47  34  5 0 0  5  0 |          0  2.954e+12  3.751e+14     0 dip,quiet,cooldown
 451  1          0    0  387   REST 1 160  32  64   2  432 |  10.75   47  37  4 0 0  4  0 |          0  2.931e+12  3.722e+14     0 dip,quiet,cooldown
 452  1          0    0  387   REST 1 160  32  64   2  432 |   8.00   46  38  3 0 0  3  0 |          0  2.908e+12  3.693e+14     0 dip,quiet,cooldown
 453  1          0    0  387   REST 1 160  32  64   2  432 |   6.00   46  40  2 0 0  2  0 |          0  2.885e+12  3.664e+14     0 dip,quiet,cooldown
 454  1  2.500e+14  383  387   REST 1 160  32  64   2  432 |  13.75   46  33  8 0 0  1  0 |  3.125e+13  1.591e+14  4.260e+14     0 cooldown
 455  1          0    0  389   REST 1 160  32  64   2  432 |  10.75   46  36  7 0 0  0  0 |          0  3.328e+12  4.227e+14     0 dip,quiet,cooldown
 456  1          0    0  389 DEFEND 1 256   0   0  64  432 |   8.00   45  37  6 0 0  0  3 |          0  1.057e+14  3.170e+14     0 dip,quiet,release
 457  1          0    0  386   REST 1 160  32  64   2  432 |   6.00   45  39  5 0 0  5  0 |          0  2.477e+12  3.146e+14     0 dip,quiet,cooldown
 458  1  2.500e+14  383  385   REST 1 160  32  64   2  432 |  13.75   45  32  8 0 0  4  0 |  3.125e+13  1.587e+14  3.746e+14     0 cooldown
 459  1          0    0  387   REST 1 160  32  64   2  432 |  10.75   45  35  7 0 0  3  0 |          0  2.927e+12  3.717e+14     0 dip,quiet,cooldown
 460  1          0    0  387   REST 1 160  32  64   2  432 |   8.00   44  36  6 0 0  2  0 |          0  2.904e+12  3.688e+14     0 dip,quiet,cooldown
 461  1          0    0  387   REST 1 160  32  64   2  432 |   6.00   44  38  5 0 0  1  0 |          0  2.881e+12  3.659e+14     0 dip,quiet,cooldown
 462  1          0    0  387   REST 1 160  32  64   2  432 |   4.50   44  40  4 0 0  0  0 |          0  2.859e+12  3.630e+14     0 quiet,cooldown
 463  1          0    0  387 CRUISE 1 160  32  64   2  432 |   3.25   44  41  3 0 0  0  0 |          0  2.836e+12  3.602e+14     0 quiet
 464  1          0    0  387 CRUISE 1 160  32  64   2  432 |   2.25   43  41  2 0 0  0  0 |          0  2.814e+12  3.574e+14     0 quiet
 465  1          0    0  387 CRUISE 1 160  32  64   2  432 |   1.50   43  42  1 0 0  0  0 |          0  2.792e+12  3.546e+14     0 quiet
 466  1          0    0  387   IDLE 1 160  32  64   2  432 |   1.00   43  42  0 0 0  0  0 |          0  2.770e+12  3.518e+14     0 quiet
 467  1  2.500e+14  383  386 CRUISE 1 160  32  64   2  432 |  37.00   37   0  8 3 0  0  0 |  3.125e+13  1.590e+14  4.116e+14     0 warm
 468  1          0    0  388 CRUISE 1 160  32  64   2  432 |  34.00   36   2  7 2 0  0  0 |          0  3.215e+12  4.084e+14     0 dip,quiet,warm
 469  1          0    0  388 CRUISE 1 160  32  64   2  432 |  31.00   36   5  6 1 0  0  0 |          0  3.190e+12  4.052e+14     0 dip,quiet,warm
 470  1          0    0  388 CRUISE 1 160  32  64   2  432 |  28.00   36   8  5 0 0  0  0 |          0  3.165e+12  4.020e+14     0 dip,quiet,warm
 471  1          0    0  388 CRUISE 1 160  32  64   2  432 |  25.00   36  11  4 0 0  0  0 |          0  3.141e+12  3.989e+14     0 dip,quiet
 472  1          0    0  388 CRUISE 1 160  32  64   2  432 |  22.00   35  13  3 0 0  0  0 |          0  3.116e+12  3.957e+14     0 dip,quiet
 473  1  1.000e+15  399  388 CRUISE 1 160  32  64   2  432 |  29.75   35   6  8 0 1  0  0 |  1.250e+14  6.281e+14  6.427e+14     0 surge
 474  1          0    0  394 CRUISE 1 160  32  64   2  432 |  26.75   35   9  7 0 0  0  0 |          0  5.021e+12  6.376e+14     0 dip,quiet
 475  1          0    0  394 CRUISE 1 160  32  64   2  432 |  23.75   35  12  6 0 0  0  0 |          0  4.981e+12  6.326e+14     0 dip,quiet
 476  1          0    0  393 CRUISE 1 160  32  64   2  432 |  20.75   34  14  5 0 0  0  0 |          0  4.943e+12  6.277e+14     0 dip,quiet
 477  1  5.000e+14  391  393 CRUISE 1 160  32  64   2  432 |  26.75   34   8  8 0 1  0  0 |  6.250e+13  3.174e+14  7.478e+14     0 surge
 478  1  1.000e+15  399  395   BANK 1  68  16 172   2  432 |  33.25   34   1  8 0 2  0  0 |  6.250e+13  2.715e+14  1.414e+15     0 surge
 479  1          0    0  403   BANK 1 112  16 128   2  432 |  30.25   34   4  7 0 1  0  0 |          0  1.105e+13  1.403e+15     0 dip,quiet
 480  1          0    0  402 DEFEND 1 256   0   0  32  432 |  27.25   33   6  6 0 0  0  3 |          0  1.753e+14  1.227e+15     0 dip,quiet,release
 481  1          0    0  401 DEFEND 1 256   0   0  32  432 |  24.25   33   9  5 0 0  0  2 |          0  1.534e+14  1.074e+15     0 dip,quiet,release
 482  1          0    0  400 DEFEND 1 256   0   0  32  432 |  21.25   33  12  4 0 0  0  1 |          0  1.343e+14  9.398e+14     0 dip,quiet,release
 483  1          0    0  398 DEFEND 1 256   0   0  32  432 |  18.25   33  15  3 0 0  0  0 |          0  1.175e+14  8.223e+14     0 dip,quiet,release
 484  1          0    0  396   REST 1 160  32  64   2  432 |  15.25   32  17  2 0 0  5  0 |          0  6.424e+12  8.159e+14     0 dip,quiet,cooldown
 485  1          0    0  396   REST 1 160  32  64   2  432 |  12.25   32  20  1 0 0  4  0 |          0  6.374e+12  8.095e+14     0 dip,quiet,cooldown
 486  1          0    0  396   REST 1 160  32  64   2  432 |   9.25   32  23  0 0 0  3  0 |          0  6.324e+12  8.032e+14     0 dip,quiet,cooldown
 487  1          0    0  396   REST 1 160  32  64   2  432 |   6.75   32  26  0 0 0  2  0 |          0  6.275e+12  7.969e+14     0 quiet,cooldown
 488  1          0    0  396   REST 1 160  32  64   2  432 |   5.00   31  26  0 0 0  1  0 |          0  6.226e+12  7.907e+14     0 quiet,cooldown
 489  1          0    0  396   REST 1 160  32  64   2  432 |   3.75   31  28  0 0 0  0  0 |          0  6.177e+12  7.845e+14     0 quiet,cooldown
 490  1          0    0  396 DEFEND 1 256   0   0  58  432 |   2.75   31  29  0 0 0  0  3 |          0  1.777e+14  6.068e+14     0 quiet,release
 491  1          0    0  393 DEFEND 1 256   0   0  58  432 |   2.00   31  29  0 0 0  0  2 |          0  1.375e+14  4.693e+14     0 quiet,release
 492  1          0    0  390 DEFEND 1 256   0   0  58  432 |   1.50   30  29  0 0 0  0  1 |          0  1.063e+14  3.630e+14     0 quiet,release
 493  1          0    0  387   REST 1 160  32  64   2  432 |   1.00   30  29  0 0 0  5  0 |          0  2.836e+12  3.601e+14     0 quiet,cooldown
 494  1          0    0  387   REST 1 160  32  64   2  432 |   0.75   30  30  0 0 0  4  0 |          0  2.813e+12  3.573e+14     0 quiet,cooldown
 495  1          0    0  387   REST 1 160  32  64   2  432 |   0.50   30  30  0 0 0  3  0 |          0  2.792e+12  3.545e+14     0 quiet,cooldown
 496  1          0    0  387   REST 1 160  32  64   2  432 |   0.25   29  29  0 0 0  2  0 |          0  2.770e+12  3.518e+14     0 quiet,cooldown
 497  1  2.500e+14  383  386   REST 1 160  32  64   2  432 |  37.00   37   0  8 3 0  1  0 |  3.125e+13  1.590e+14  4.115e+14     0 cooldown,warm
 498  1          0    0  388   REST 1 160  32  64   2  432 |  34.00   37   3  7 2 0  0  0 |          0  3.215e+12  4.083e+14     0 dip,quiet,cooldown,warm
 499  1          0    0  388 CRUISE 1 160  32  64   2  432 |  31.00   37   6  6 1 0  0  0 |          0  3.190e+12  4.051e+14     0 dip,quiet,warm
 500  1          0    0  388 CRUISE 1 160  32  64   2  432 |  28.00   36   8  5 0 0  0  0 |          0  3.165e+12  4.019e+14     0 dip,quiet,warm
 501  1          0    0  388 CRUISE 1 160  32  64   2  432 |  25.00   36  11  4 0 0  0  0 |          0  3.140e+12  3.988e+14     0 dip,quiet
 502  1          0    0  388 CRUISE 1 160  32  64   2  432 |  22.00   36  14  3 0 0  0  0 |          0  3.116e+12  3.957e+14     0 dip,quiet
 503  1          0    0  388 CRUISE 1 160  32  64   2  432 |  19.00   36  17  2 0 0  0  0 |          0  3.091e+12  3.926e+14     0 dip,quiet
 504  1          0    0  388 CRUISE 1 160  32  64   2  432 |  16.00   35  19  1 0 0  0  0 |          0  3.067e+12  3.895e+14     0 dip,quiet
 505  1          0    0  388   IDLE 1 160  32  64   2  432 |  13.00   35  22  0 0 0  0  0 |          0  3.043e+12  3.865e+14     0 dip,quiet
 506  1          0    0  387   IDLE 1 160  32  64   2  432 |  10.00   35  25  0 0 0  0  0 |          0  3.019e+12  3.835e+14     0 quiet
 507  1          0    0  387   IDLE 1 160  32  64   2  432 |   7.50   35  28  0 0 0  0  0 |          0  2.996e+12  3.805e+14     0 quiet
 508  1          0    0  387   IDLE 1 160  32  64   2  432 |   5.50   34  29  0 0 0  0  0 |          0  2.972e+12  3.775e+14     0 quiet
 509  1          0    0  387   IDLE 1 160  32  64   2  432 |   4.00   34  30  0 0 0  0  0 |          0  2.949e+12  3.745e+14     0 quiet
 510  1          0    0  387   IDLE 1 160  32  64   2  432 |   3.00   34  31  0 0 0  0  0 |          0  2.926e+12  3.716e+14     0 quiet
 511  1  2.500e+14  383  387 CRUISE 1 160  32  64   2  432 |  37.00   37   0  8 3 0  0  0 |  3.125e+13  1.592e+14  4.312e+14     0 warm
 512  1          0    0  389 CRUISE 1 160  32  64   2  432 |  34.00   36   2  7 2 0  0  0 |          0  3.369e+12  4.278e+14     0 dip,quiet,warm
 513  1  5.000e+14  391  389 CRUISE 1 160  32  64   2  432 |  45.00   45   0  8 1 0  0  0 |  6.250e+13  3.158e+14  5.495e+14     0 warm
 514  1          0    0  392 CRUISE 1 160  32  64   2  432 |  42.00   45   3  7 0 0  0  0 |          0  4.293e+12  5.452e+14     0 dip,quiet,warm
 515  1          0    0  392 CRUISE 1 160  32  64   2  432 |  39.00   45   6  6 0 0  0  0 |          0  4.259e+12  5.409e+14     0 dip,quiet
 516  1          0    0  392 CRUISE 1 160  32  64   2  432 |  36.00   44   8  5 0 0  0  0 |          0  4.226e+12  5.367e+14     0 dip,quiet
 517  1          0    0  392 CRUISE 1 160  32  64   2  432 |  33.00   44  11  4 0 0  0  0 |          0  4.193e+12  5.325e+14     0 dip,quiet
 518  1          0    0  392 CRUISE 1 160  32  64   2  432 |  30.00   44  14  3 0 0  0  0 |          0  4.160e+12  5.284e+14     0 dip,quiet
 519  1  2.500e+14  383  392 CRUISE 1 160  32  64   2  432 |  31.75   44  13  8 0 0  0  0 |  3.125e+13  1.604e+14  5.867e+14     0 -
 520  1  2.500e+14  383  393 CRUISE 1 160  32  64   2  432 |  33.00   43  10  8 0 0  0  0 |  3.125e+13  1.608e+14  6.447e+14     0 -
 521  1          0    0  394 CRUISE 1 160  32  64   2  432 |  30.00   43  13  7 0 0  0  0 |          0  5.036e+12  6.396e+14     0 dip,quiet
 522  1          0    0  394 DEFEND 1 256   0   0  32  432 |  27.00   43  16  6 0 0  0  3 |          0  7.995e+13  5.597e+14     0 dip,quiet,release
 523  1          0    0  392 DEFEND 1 256   0   0  38  432 |  24.00   43  19  5 0 0  0  2 |          0  8.308e+13  4.766e+14     0 dip,quiet,release
 524  1          0    0  390 DEFEND 1 256   0   0  42  432 |  21.00   42  21  4 0 0  0  1 |          0  7.819e+13  3.984e+14     0 dip,quiet,release
 525  1          0    0  388   REST 1 160  32  64   2  432 |  18.00   42  24  3 0 0  5  0 |          0  3.113e+12  3.953e+14     0 dip,quiet,cooldown
 526  1          0    0  388   REST 1 160  32  64   2  432 |  15.00   42  27  2 0 0  4  0 |          0  3.088e+12  3.922e+14     0 dip,quiet,cooldown
 527  1          0    0  388   REST 1 160  32  64   2  432 |  12.00   42  30  1 0 0  3  0 |          0  3.064e+12  3.891e+14     0 dip,quiet,cooldown
 528  1          0    0  388   REST 1 160  32  64   2  432 |   9.00   41  32  0 0 0  2  0 |          0  3.040e+12  3.861e+14     0 dip,quiet,cooldown
 529  1  5.000e+14  391  387   REST 1 160  32  64   2  432 |  45.00   45   0  8 3 0  1  0 |  6.250e+13  3.155e+14  5.081e+14     0 cooldown,warm
 530  1          0    0  391   REST 1 160  32  64   2  432 |  42.00   45   3  7 2 0  0  0 |          0  3.969e+12  5.041e+14     0 dip,quiet,cooldown,warm
 531  1          0    0  391 CRUISE 1 160  32  64   2  432 |  39.00   45   6  6 1 0  0  0 |          0  3.938e+12  5.002e+14     0 dip,quiet,warm
 532  1          0    0  391 CRUISE 1 160  32  64   2  432 |  36.00   44   8  5 0 0  0  0 |          0  3.908e+12  4.963e+14     0 dip,quiet,warm
 533  1          0    0  391 CRUISE 1 160  32  64   2  432 |  33.00   44  11  4 0 0  0  0 |          0  3.877e+12  4.924e+14     0 dip,quiet
 534  1  5.000e+14  391  390 CRUISE 1 160  32  64   2  432 |  36.00   44   8  8 0 0  0  0 |  6.250e+13  3.163e+14  6.135e+14     0 -
 535  1          0    0  393 CRUISE 1 160  32  64   2  432 |  33.00   44  11  7 0 0  0  0 |          0  4.793e+12  6.087e+14     0 dip,quiet
 536  1          0    0  393 CRUISE 1 160  32  64   2  432 |  30.00   43  13  6 0 0  0  0 |          0  4.756e+12  6.040e+14     0 dip,quiet
 537  1          0    0  393 DEFEND 1 256   0   0  32  432 |  27.00   43  16  5 0 0  0  3 |          0  7.550e+13  5.285e+14     0 dip,quiet,release
 538  1          0    0  392 DEFEND 1 256   0   0  38  432 |  24.00   43  19  4 0 0  0  2 |          0  7.845e+13  4.500e+14     0 dip,quiet,release
 539  1  1.000e+15  399  389   REST 1 160  32  64   2  432 |  31.25   43  12  8 0 1  5  0 |  1.250e+14  6.285e+14  6.965e+14     0 surge,cooldown
 540  1          0    0  394   REST 1 160  32  64   2  432 |  28.25   42  14  7 0 0  4  0 |          0  5.442e+12  6.911e+14     0 dip,quiet,cooldown
 541  1          0    0  394   REST 1 160  32  64   2  432 |  25.25   42  17  6 0 0  3  0 |          0  5.399e+12  6.857e+14     0 dip,quiet,cooldown
 542  1          0    0  394   REST 1 160  32  64   2  432 |  22.25   42  20  5 0 0  2  0 |          0  5.357e+12  6.803e+14     0 dip,quiet,cooldown
 543  1          0    0  394   REST 1 160  32  64   2  432 |  19.25   42  23  4 0 0  1  0 |          0  5.315e+12  6.750e+14     0 dip,quiet,cooldown
 544  1          0    0  394   REST 1 160  32  64   2  432 |  16.25   41  25  3 0 0  0  0 |          0  5.274e+12  6.697e+14     0 dip,quiet,cooldown
 545  1          0    0  394 DEFEND 1 256   0   0  56  432 |  13.25   41  28  2 0 0  0  3 |          0  1.465e+14  5.232e+14     0 dip,quiet,release
 546  1          0    0  391 DEFEND 1 256   0   0  62  432 |  10.25   41  31  1 0 0  0  2 |          0  1.267e+14  3.965e+14     0 dip,quiet,release
 547  1          0    0  388   REST 1 160  32  64   2  432 |   7.50   41  34  0 0 0  5  0 |          0  3.098e+12  3.934e+14     0 dip,quiet,cooldown
 548  1          0    0  388   REST 1 160  32  64   2  432 |   5.50   40  35  0 0 0  4  0 |          0  3.074e+12  3.903e+14     0 quiet,cooldown
 549  1          0    0  388   REST 1 160  32  64   2  432 |   4.00   40  36  0 0 0  3  0 |          0  3.050e+12  3.873e+14     0 quiet,cooldown
 550  1          0    0  388   REST 1 160  32  64   2  432 |   3.00   40  37  0 0 0  2  0 |          0  3.026e+12  3.843e+14     0 quiet,cooldown
 551  1          0    0  387   REST 1 160  32  64   2  432 |   2.25   40  38  0 0 0  1  0 |          0  3.002e+12  3.813e+14     0 quiet,cooldown
 552  1          0    0  387   REST 1 160  32  64   2  432 |   1.50   39  38  0 0 0  0  0 |          0  2.979e+12  3.783e+14     0 quiet,cooldown
 553  1          0    0  387   IDLE 1 160  32  64   2  432 |   1.00   39  38  0 0 0  0  0 |          0  2.955e+12  3.753e+14     0 quiet
 554  1          0    0  387   IDLE 1 160  32  64   2  432 |   0.75   39  39  0 0 0  0  0 |          0  2.932e+12  3.724e+14     0 quiet
 555  1          0    0  387   IDLE 1 160  32  64   2  432 |   0.50   39  39  0 0 0  0  0 |          0  2.909e+12  3.695e+14     0 quiet
 556  1          0    0  387   IDLE 1 160  32  64   2  432 |   0.25   38  38  0 0 0  0  0 |          0  2.887e+12  3.666e+14     0 quiet
 557  1          0    0  387   IDLE 1 160  32  64   2  432 |   0.00   38  38  0 0 0  0  0 |          0  2.864e+12  3.637e+14     0 quiet
 558  1          0    0  387   IDLE 1 160  32  64   2  432 |   0.00   38  38  0 0 0  0  0 |          0  2.842e+12  3.609e+14     0 quiet
 559  1          0    0  387   IDLE 1 160  32  64   2  432 |   0.00   38  38  0 0 0  0  0 |          0  2.820e+12  3.581e+14     0 quiet
 560  1          0    0  387   IDLE 1 160  32  64   2  432 |   0.00   37  37  0 0 0  0  0 |          0  2.797e+12  3.553e+14     0 quiet
 561  1          0    0  387   IDLE 1 160  32  64   2  432 |   0.00   37  37  0 0 0  0  0 |          0  2.776e+12  3.525e+14     0 quiet
 562  1  2.500e+14  383  387 CRUISE 1 160  32  64   2  432 |  37.00   37   0  8 3 0  0  0 |  3.125e+13  1.590e+14  4.123e+14     0 warm
 563  1          0    0  388 CRUISE 1 160  32  64   2  432 |  34.00   37   3  7 2 0  0  0 |          0  3.221e+12  4.090e+14     0 dip,quiet,warm
 564  1          0    0  388 CRUISE 1 160  32  64   2  432 |  31.00   36   5  6 1 0  0  0 |          0  3.196e+12  4.058e+14     0 dip,quiet,warm
 565  1          0    0  388 CRUISE 1 160  32  64   2  432 |  28.00   36   8  5 0 0  0  0 |          0  3.171e+12  4.027e+14     0 dip,quiet,warm
 566  1          0    0  388 CRUISE 1 160  32  64   2  432 |  25.00   36  11  4 0 0  0  0 |          0  3.146e+12  3.995e+14     0 dip,quiet
 567  1          0    0  388 CRUISE 1 160  32  64   2  432 |  22.00   36  14  3 0 0  0  0 |          0  3.121e+12  3.964e+14     0 dip,quiet
 568  1  5.000e+14  391  388 CRUISE 1 160  32  64   2  432 |  27.75   35   8  8 0 1  0  0 |  6.250e+13  3.156e+14  5.183e+14     0 surge
 569  1          0    0  391 CRUISE 1 160  32  64   2  432 |  24.75   35  11  7 0 0  0  0 |          0  4.049e+12  5.143e+14     0 dip,quiet
 570  1          0    0  391 CRUISE 1 160  32  64   2  432 |  21.75   35  14  6 0 0  0  0 |          0  4.018e+12  5.102e+14     0 dip,quiet
 571  1          0    0  391 DEFEND 1 256   0   0  34  432 |  18.75   35  17  5 0 0  0  3 |          0  6.777e+13  4.425e+14     0 dip,quiet,release
 572  1          0    0  389 DEFEND 1 256   0   0  38  432 |  15.75   34  19  4 0 0  0  2 |          0  6.568e+13  3.768e+14     0 dip,quiet,release
 573  1          0    0  387   REST 1 160  32  64   2  432 |  12.75   34  22  3 0 0  5  0 |          0  2.944e+12  3.738e+14     0 dip,quiet,cooldown
 574  1          0    0  387   REST 1 160  32  64   2  432 |   9.75   34  25  2 0 0  4  0 |          0  2.921e+12  3.709e+14     0 dip,quiet,cooldown
 575  1          0    0  387   REST 1 160  32  64   2  432 |   7.25   34  27  1 0 0  3  0 |          0  2.898e+12  3.680e+14     0 dip,quiet,cooldown
 576  1          0    0  387   REST 1 160  32  64   2  432 |   5.25   33  28  0 0 0  2  0 |          0  2.875e+12  3.652e+14     0 quiet,cooldown
 577  1          0    0  387   REST 1 160  32  64   2  432 |   3.75   33  30  0 0 0  1  0 |          0  2.853e+12  3.623e+14     0 quiet,cooldown
 578  1          0    0  387   REST 1 160  32  64   2  432 |   2.75   33  31  0 0 0  0  0 |          0  2.830e+12  3.595e+14     0 quiet,cooldown
 579  1          0    0  387   IDLE 1 160  32  64   2  432 |   2.00   33  31  0 0 0  0  0 |          0  2.808e+12  3.567e+14     0 quiet
 580  1          0    0  387   IDLE 1 160  32  64   2  432 |   1.50   32  31  0 0 0  0  0 |          0  2.786e+12  3.539e+14     0 quiet
 581  1  2.500e+14  383  387 CRUISE 1 160  32  64   2  432 |  37.00   37   0  8 3 0  0  0 |  3.125e+13  1.590e+14  4.136e+14     0 warm
 582  1          0    0  388 CRUISE 1 160  32  64   2  432 |  34.00   37   3  7 2 0  0  0 |          0  3.231e+12  4.104e+14     0 dip,quiet,warm
 583  1          0    0  388 CRUISE 1 160  32  64   2  432 |  31.00   37   6  6 1 0  0  0 |          0  3.206e+12  4.072e+14     0 dip,quiet,warm
 584  1          0    0  388 CRUISE 1 160  32  64   2  432 |  28.00   36   8  5 0 0  0  0 |          0  3.181e+12  4.040e+14     0 dip,quiet,warm
 585  1          0    0  388 CRUISE 1 160  32  64   2  432 |  25.00   36  11  4 0 0  0  0 |          0  3.156e+12  4.008e+14     0 dip,quiet
 586  1          0    0  388 CRUISE 1 160  32  64   2  432 |  22.00   36  14  3 0 0  0  0 |          0  3.132e+12  3.977e+14     0 dip,quiet
 587  1          0    0  388 CRUISE 1 160  32  64   2  432 |  19.00   36  17  2 0 0  0  0 |          0  3.107e+12  3.946e+14     0 dip,quiet
 588  1          0    0  388 CRUISE 1 160  32  64   2  432 |  16.00   35  19  1 0 0  0  0 |          0  3.083e+12  3.915e+14     0 dip,quiet
 589  1          0    0  388   IDLE 1 160  32  64   2  432 |  13.00   35  22  0 0 0  0  0 |          0  3.059e+12  3.885e+14     0 dip,quiet
 590  1          0    0  388   IDLE 1 160  32  64   2  432 |  10.00   35  25  0 0 0  0  0 |          0  3.035e+12  3.854e+14     0 quiet
 591  1          0    0  387   IDLE 1 160  32  64   2  432 |   7.50   35  28  0 0 0  0  0 |          0  3.011e+12  3.824e+14     0 quiet
 592  1          0    0  387   IDLE 1 160  32  64   2  432 |   5.50   34  29  0 0 0  0  0 |          0  2.988e+12  3.794e+14     0 quiet
 593  1          0    0  387   IDLE 1 160  32  64   2  432 |   4.00   34  30  0 0 0  0  0 |          0  2.964e+12  3.765e+14     0 quiet
 594  1  1.000e+15  399  387 CRUISE 1 160  32  64   2  432 |  53.00   53   0  8 3 0  0  0 |  1.250e+14  6.279e+14  6.235e+14     0 warm
 595  1          0    0  393 CRUISE 1 160  32  64   2  432 |  50.00   53   3  7 2 0  0  0 |          0  4.871e+12  6.186e+14     0 dip,quiet,warm
 596  1          0    0  393 CRUISE 1 160  32  64   2  432 |  47.00   52   5  6 1 0  0  0 |          0  4.833e+12  6.138e+14     0 dip,quiet,warm
 597  1          0    0  393 CRUISE 1 160  32  64   2  432 |  44.00   52   8  5 0 0  0  0 |          0  4.795e+12  6.090e+14     0 dip,quiet,warm
 598  1  2.500e+14  383  393 CRUISE 1 160  32  64   2  432 |  42.25   52  10  8 0 0  0  0 |  3.125e+13  1.610e+14  6.668e+14     0 -
 599  1          0    0  394 CRUISE 1 160  32  64   2  432 |  39.25   52  13  7 0 0  0  0 |          0  5.209e+12  6.615e+14     0 dip,quiet
 600  1          0    0  394 CRUISE 1 160  32  64   2  432 |  36.25   51  15  6 0 0  0  0 |          0  5.168e+12  6.564e+14     0 dip,quiet

dust                   ep  600 settles  600  in 3.300e+16  allow  13.1%  bought  84.9%  left   2.0%  maxRes  25.7 ep  tier 1  clamp 0  {'IDLE': 153, 'CRUISE': 210, 'BANK': 2, 'DEFEND': 61, 'REST': 174}
