Two settles in three the Manager refuses the buy (BUY pause): the decided amount stays in the reserve and is offered again. (Idealised kernel: two buys in three fail and the third executes half.)

  ep dt     inflow      echo  TAX  RES   mode T buy alw res REL CEIL |      A   PK  dd LV W S CD TR |      allow    decided     bought    reserve clamp   kernel flags
----------------------------------------------------------------------------------------------------------------------------------------------------------------------
   1  1  5.000e+15         0  417    0 CRUISE 0 144  48  64   2  440 |  71.00   71   0  8 3 0  0  0 |  9.375e+14  2.812e+15          0  4.062e+15     0  skipped warm
   2  1  5.000e+15         0  417  415 CRUISE 1 160  32  64   2  432 |  71.00   71   0  8 2 0  0  0 |  6.250e+14  3.157e+15          0  8.438e+15     0  skipped tierup,warm
   3  1  5.000e+15         0  417  423 CRUISE 1 160  32  64   2  432 |  71.00   71   0  8 1 0  0  0 |  6.250e+14  3.191e+15  3.191e+15  9.622e+15     0        - warm
   4  1  5.096e+15 9.573e+13  418  425 CRUISE 1 160  32  64   2  432 |  72.00   72   0  8 0 0  0  0 |  6.370e+14  3.260e+15          0  1.408e+16     0  skipped warm
   5  1  5.000e+15         0  417  429 CRUISE 1 160  32  64   2  432 |  71.75   72   1  8 0 0  0  0 |  6.250e+14  3.235e+15          0  1.846e+16     0  skipped -
   6  1  5.000e+15         0  417  433 CRUISE 1 160  32  64   2  432 |  71.50   72   1  8 0 0  0  0 |  6.250e+14  3.269e+15  3.269e+15  1.956e+16     0        - -
   7  1  5.098e+15 9.808e+13  418  433 CRUISE 1 160  32  64   2  432 |  71.50   72   1  8 0 0  0  0 |  6.373e+14  3.339e+15          0  2.402e+16     0  skipped -
   8  1  5.000e+15         0  417  435 CRUISE 1 160  32  64   2  432 |  71.25   71   0  8 0 0  0  0 |  6.250e+14  3.313e+15          0  2.840e+16     0  skipped -
   9  1  5.000e+15         0  417  437 CRUISE 1 160  32  64   2  432 |  71.00   71   0  8 0 0  0  0 |  6.250e+14  3.347e+15  3.347e+15  2.943e+16     0        - -
  10  1  5.100e+15 1.004e+14  418  438 CRUISE 1 160  32  64   2  432 |  71.25   71   0  8 0 0  0  0 |  6.376e+14  3.418e+15          0  3.389e+16     0  skipped -
  11  1  5.000e+15         0  417  440 CRUISE 1 160  32  64   2  432 |  71.00   71   0  8 0 0  0  0 |  6.250e+14  3.390e+15          0  3.826e+16     0  skipped -
  12  1  5.000e+15         0  417  441 CRUISE 1 160  32  64   2  432 |  71.00   71   0  8 0 0  0  0 |  6.250e+14  3.424e+15  3.424e+15  3.921e+16     0        - -
  13  1  5.103e+15 1.027e+14  418  441 CRUISE 1 160  32  64   2  432 |  71.25   71   0  8 0 0  0  0 |  6.378e+14  3.496e+15          0  4.368e+16     0  skipped -
  14  1  5.000e+15         0  417  442 CRUISE 1 160  32  64   2  432 |  71.00   71   0  8 0 0  0  0 |  6.250e+14  3.466e+15          0  4.805e+16     0  skipped -
  15  1  5.000e+15         0  417  443 CRUISE 1 160  32  64   2  432 |  71.00   71   0  8 0 0  0  0 |  6.250e+14  3.500e+15  3.500e+15  4.893e+16     0        - -
  16  1  5.105e+15 1.050e+14  418  443 CRUISE 1 160  32  64   2  432 |  71.25   71   0  8 0 0  0  0 |  6.381e+14  3.573e+15          0  5.340e+16     0  skipped -
  17  1  5.000e+15         0  417  444 CRUISE 1 160  32  64   2  432 |  71.00   71   0  8 0 0  0  0 |  6.250e+14  3.542e+15          0  5.777e+16     0  skipped -
  18  1  5.000e+15         0  417  445 CRUISE 1 160  32  64   2  432 |  71.00   71   0  8 0 0  0  0 |  6.250e+14  3.576e+15  3.576e+15  5.857e+16     0        - -
  19  1  5.107e+15 1.073e+14  418  446 CRUISE 1 160  32  64   2  432 |  71.25   71   0  8 0 0  0  0 |  6.384e+14  3.650e+15          0  6.304e+16     0  skipped -
  20  1  5.000e+15         0  417  446 CRUISE 2 176  16  64   2  424 |  71.00   71   0  8 0 0  0  0 |  3.125e+14  3.930e+15          0  6.773e+16     0  skipped tierup
  21  1  5.000e+15         0  417  448 CRUISE 2 176  16  64   2  424 |  71.00   71   0  8 0 0  0  0 |  3.125e+14  3.967e+15  3.967e+15  6.845e+16     0        - -
  22  1  5.119e+15 1.190e+14  418  448 CRUISE 2 176  16  64   2  424 |  71.25   71   0  8 0 0  0  0 |  3.199e+14  4.054e+15          0  7.325e+16     0  skipped -
  23  1  5.000e+15         0  417  449 CRUISE 2 176  16  64   2  424 |  71.00   71   0  8 0 0  0  0 |  3.125e+14  4.010e+15          0  7.793e+16     0  skipped -
  24  1  5.000e+15         0  417  449 CRUISE 2 176  16  64   2  424 |  71.00   71   0  8 0 0  0  0 |  3.125e+14  4.046e+15  4.046e+15  7.857e+16     0        - -
  25  1  5.121e+15 1.214e+14  418  449 CRUISE 2 176  16  64   2  424 |  71.25   71   0  8 0 0  0  0 |  3.201e+14  4.135e+15          0  8.338e+16     0  skipped -
  26  1  5.000e+15         0  417  450 CRUISE 2 176  16  64   2  424 |  71.00   71   0  8 0 0  0  0 |  3.125e+14  4.089e+15          0  8.806e+16     0  skipped -
  27  1  5.000e+15         0  417  450 CRUISE 2 176  16  64   2  424 |  71.00   71   0  8 0 0  0  0 |  3.125e+14  4.125e+15  4.125e+15  8.862e+16     0        - -
  28  1  5.124e+15 1.238e+14  418  450 CRUISE 2 176  16  64   2  424 |  71.25   71   0  8 0 0  0  0 |  3.202e+14  4.215e+15          0  9.343e+16     0  skipped -
  29  1  5.000e+15         0  417  451 CRUISE 2 176  16  64   2  424 |  71.00   71   0  8 0 0  0  0 |  3.125e+14  4.167e+15          0  9.812e+16     0  skipped -
  30  1  5.000e+15         0  417  451 CRUISE 2 176  16  64   2  424 |  71.00   71   0  8 0 0  0  0 |  3.125e+14  4.204e+15  4.204e+15  9.860e+16     0        - -
  31  1  5.126e+15 1.261e+14  418  451 CRUISE 2 176  16  64   2  424 |  71.25   71   0  8 0 0  0  0 |  3.204e+14  4.295e+15          0  1.034e+17     0  skipped -
  32  1  5.000e+15         0  417  452 CRUISE 2 176  16  64   2  424 |  71.00   71   0  8 0 0  0  0 |  3.125e+14  4.245e+15          0  1.081e+17     0  skipped -
  33  1  5.000e+15         0  417  453 CRUISE 2 176  16  64   2  424 |  71.00   71   0  8 0 0  0  0 |  3.125e+14  4.282e+15  4.282e+15  1.085e+17     0        - -
  34  1  5.128e+15 1.285e+14  418  453 CRUISE 2 176  16  64   2  424 |  71.25   71   0  8 0 0  0  0 |  3.205e+14  4.373e+15          0  1.133e+17     0  skipped -
  35  1  5.000e+15         0  417  453 CRUISE 2 176  16  64   2  424 |  71.00   71   0  8 0 0  0  0 |  3.125e+14  4.323e+15          0  1.180e+17     0  skipped -
  36  1  5.000e+15         0  417  454 CRUISE 2 176  16  64   2  424 |  71.00   71   0  8 0 0  0  0 |  3.125e+14  4.359e+15  4.359e+15  1.183e+17     0        - -
  37  1  5.131e+15 1.308e+14  418  454 CRUISE 2 176  16  64   2  424 |  71.25   71   0  8 0 0  0  0 |  3.207e+14  4.452e+15          0  1.231e+17     0  skipped -
  38  1  5.000e+15         0  417  454 CRUISE 2 176  16  64   2  424 |  71.00   71   0  8 0 0  0  0 |  3.125e+14  4.399e+15          0  1.278e+17     0  skipped -
  39  1  5.000e+15         0  417  455 CRUISE 2 176  16  64   2  424 |  71.00   71   0  8 0 0  0  0 |  3.125e+14  4.436e+15  4.436e+15  1.281e+17     0        - -
  40  1  5.133e+15 1.331e+14  418  455 CRUISE 2 176  16  64   2  424 |  71.25   71   0  8 0 0  0  0 |  3.208e+14  4.530e+15          0  1.329e+17     0  skipped -
  41  1  5.000e+15         0  417  455 CRUISE 2 176  16  64   2  424 |  71.00   71   0  8 0 0  0  0 |  3.125e+14  4.476e+15          0  1.376e+17     0  skipped -
  42  1  5.000e+15         0  417  456 CRUISE 2 176  16  64   2  424 |  71.00   71   0  8 0 0  0  0 |  3.125e+14  4.512e+15  4.512e+15  1.377e+17     0        - -
  43  1  5.135e+15 1.354e+14  418  456 CRUISE 2 176  16  64   2  424 |  71.25   71   0  8 0 0  0  0 |  3.210e+14  4.607e+15          0  1.426e+17     0  skipped -
  44  1  5.000e+15         0  417  456 CRUISE 2 176  16  64   2  424 |  71.00   71   0  8 0 0  0  0 |  3.125e+14  4.551e+15          0  1.472e+17     0  skipped -
  45  1  5.000e+15         0  417  457 CRUISE 2 176  16  64   2  424 |  71.00   71   0  8 0 0  0  0 |  3.125e+14  4.588e+15  4.588e+15  1.473e+17     0        - -
  46  1  5.138e+15 1.376e+14  418  457 CRUISE 2 176  16  64   2  424 |  71.25   71   0  8 0 0  0  0 |  3.211e+14  4.683e+15          0  1.522e+17     0  skipped -
  47  1  5.000e+15         0  417  457 CRUISE 2 176  16  64   2  424 |  71.00   71   0  8 0 0  0  0 |  3.125e+14  4.626e+15          0  1.569e+17     0  skipped -
  48  1  5.000e+15         0  417  457 CRUISE 2 176  16  64   2  424 |  71.00   71   0  8 0 0  0  0 |  3.125e+14  4.663e+15  4.663e+15  1.569e+17     0        - -
  49  1  5.140e+15 1.399e+14  418  457 CRUISE 2 176  16  64   2  424 |  71.25   71   0  8 0 0  0  0 |  3.212e+14  4.759e+15          0  1.617e+17     0  skipped -
  50  1  5.000e+15         0  417  457 CRUISE 2 176  16  64   2  424 |  71.00   71   0  8 0 0  0  0 |  3.125e+14  4.701e+15          0  1.664e+17     0  skipped -
  51  1  5.000e+15         0  417  458 CRUISE 2 176  16  64   2  424 |  71.00   71   0  8 0 0  0  0 |  3.125e+14  4.737e+15  4.737e+15  1.663e+17     0        - -
  52  1  5.142e+15 1.421e+14  418  458 CRUISE 2 176  16  64   2  424 |  71.25   71   0  8 0 0  0  0 |  3.214e+14  4.835e+15          0  1.712e+17     0  skipped -
  53  1  5.000e+15         0  417  458 CRUISE 2 176  16  64   2  424 |  71.00   71   0  8 0 0  0  0 |  3.125e+14  4.775e+15          0  1.758e+17     0  skipped -
  54  1  5.000e+15         0  417  458 CRUISE 2 176  16  64   2  424 |  71.00   71   0  8 0 0  0  0 |  3.125e+14  4.811e+15  4.811e+15  1.757e+17     0        - -
  55  1  5.144e+15 1.443e+14  418  458 CRUISE 2 176  16  64   2  424 |  71.25   71   0  8 0 0  0  0 |  3.215e+14  4.910e+15          0  1.805e+17     0  skipped -
  56  1  5.000e+15         0  417  459 CRUISE 2 176  16  64   2  424 |  71.00   71   0  8 0 0  0  0 |  3.125e+14  4.848e+15          0  1.852e+17     0  skipped -
  57  1  5.000e+15         0  417  459 CRUISE 2 176  16  64   2  424 |  71.00   71   0  8 0 0  0  0 |  3.125e+14  4.885e+15  4.885e+15  1.850e+17     0        - -
  58  1  5.147e+15 1.465e+14  418  459 CRUISE 2 176  16  64   2  424 |  71.25   71   0  8 0 0  0  0 |  3.217e+14  4.984e+15          0  1.899e+17     0  skipped -
  59  1  5.000e+15         0  417  459 CRUISE 2 176  16  64   2  424 |  71.00   71   0  8 0 0  0  0 |  3.125e+14  4.921e+15          0  1.945e+17     0  skipped -
  60  1  5.000e+15         0  417  459 CRUISE 2 176  16  64   2  424 |  71.00   71   0  8 0 0  0  0 |  3.125e+14  4.957e+15  4.957e+15  1.943e+17     0        - -
  61  1  5.149e+15 1.487e+14  418  459 CRUISE 2 176  16  64   2  424 |  71.25   71   0  8 0 0  0  0 |  3.218e+14  5.057e+15          0  1.991e+17     0  skipped -
  62  1  5.000e+15         0  417  460 CRUISE 2 176  16  64   2  424 |  71.00   71   0  8 0 0  0  0 |  3.125e+14  4.993e+15          0  2.038e+17     0  skipped -
  63  1  5.000e+15         0  417  460 CRUISE 2 176  16  64   2  424 |  71.00   71   0  8 0 0  0  0 |  3.125e+14  5.030e+15  5.030e+15  2.034e+17     0        - -
  64  1  5.151e+15 1.509e+14  418  460 CRUISE 2 176  16  64   2  424 |  71.25   71   0  8 0 0  0  0 |  3.219e+14  5.131e+15          0  2.083e+17     0  skipped -
  65  1  5.000e+15         0  417  460 CRUISE 2 176  16  64   2  424 |  71.00   71   0  8 0 0  0  0 |  3.125e+14  5.065e+15          0  2.130e+17     0  skipped -
  66  1  5.000e+15         0  417  460 CRUISE 2 176  16  64   2  424 |  71.00   71   0  8 0 0  0  0 |  3.125e+14  5.101e+15  5.101e+15  2.125e+17     0        - -
  67  1  5.153e+15 1.530e+14  418  460 CRUISE 2 176  16  64   2  424 |  71.25   71   0  8 0 0  0  0 |  3.221e+14  5.203e+15          0  2.174e+17     0  skipped -
  68  1  5.000e+15         0  417  461 CRUISE 2 176  16  64   2  424 |  71.00   71   0  8 0 0  0  0 |  3.125e+14  5.136e+15          0  2.221e+17     0  skipped -
  69  1  5.000e+15         0  417  461 CRUISE 2 176  16  64   2  424 |  71.00   71   0  8 0 0  0  0 |  3.125e+14  5.172e+15  5.172e+15  2.216e+17     0        - -
  70  1  5.155e+15 1.552e+14  418  461 CRUISE 2 176  16  64   2  424 |  71.25   71   0  8 0 0  0  0 |  3.222e+14  5.275e+15          0  2.264e+17     0  skipped -
  71  1  5.000e+15         0  417  461 CRUISE 2 176  16  64   2  424 |  71.00   71   0  8 0 0  0  0 |  3.125e+14  5.206e+15          0  2.311e+17     0  skipped -
  72  1  5.000e+15         0  417  461 CRUISE 2 176  16  64   2  424 |  71.00   71   0  8 0 0  0  0 |  3.125e+14  5.243e+15  5.243e+15  2.305e+17     0        - -
  73  1  5.157e+15 1.573e+14  418  461 CRUISE 2 176  16  64   2  424 |  71.25   71   0  8 0 0  0  0 |  3.223e+14  5.347e+15          0  2.354e+17     0  skipped -
  74  1  5.000e+15         0  417  462 CRUISE 2 176  16  64   2  424 |  71.00   71   0  8 0 0  0  0 |  3.125e+14  5.276e+15          0  2.401e+17     0  skipped -
  75  1  5.000e+15         0  417  462 CRUISE 2 176  16  64   2  424 |  71.00   71   0  8 0 0  0  0 |  3.125e+14  5.313e+15  5.313e+15  2.394e+17     0        - -
  76  1  5.159e+15 1.594e+14  418  462 CRUISE 2 176  16  64   2  424 |  71.25   71   0  8 0 0  0  0 |  3.225e+14  5.418e+15          0  2.443e+17     0  skipped -
  77  1  5.000e+15         0  417  462 CRUISE 2 176  16  64   2  424 |  71.00   71   0  8 0 0  0  0 |  3.125e+14  5.346e+15          0  2.490e+17     0  skipped -
  78  1  5.000e+15         0  417  462 CRUISE 2 176  16  64   2  424 |  71.00   71   0  8 0 0  0  0 |  3.125e+14  5.383e+15  5.383e+15  2.483e+17     0        - -
  79  1  5.161e+15 1.615e+14  418  462 CRUISE 2 176  16  64   2  424 |  71.25   71   0  8 0 0  0  0 |  3.226e+14  5.488e+15          0  2.531e+17     0  skipped -
  80  1  5.000e+15         0  417  463 CRUISE 2 176  16  64   2  424 |  71.00   71   0  8 0 0  0  0 |  3.125e+14  5.415e+15          0  2.578e+17     0  skipped -
  81  1  5.000e+15         0  417  463 CRUISE 2 176  16  64   2  424 |  71.00   71   0  8 0 0  0  0 |  3.125e+14  5.452e+15  5.452e+15  2.570e+17     0        - -
  82  1  5.164e+15 1.635e+14  418  463 CRUISE 2 176  16  64   2  424 |  71.25   71   0  8 0 0  0  0 |  3.227e+14  5.558e+15          0  2.619e+17     0  skipped -
  83  1  5.000e+15         0  417  463 CRUISE 2 176  16  64   2  424 |  71.00   71   0  8 0 0  0  0 |  3.125e+14  5.483e+15          0  2.666e+17     0  skipped -
  84  1  5.000e+15         0  417  463 CRUISE 2 176  16  64   2  424 |  71.00   71   0  8 0 0  0  0 |  3.125e+14  5.520e+15  5.520e+15  2.657e+17     0        - -
  85  1  5.166e+15 1.656e+14  418  463 CRUISE 2 176  16  64   2  424 |  71.25   71   0  8 0 0  0  0 |  3.229e+14  5.627e+15          0  2.706e+17     0  skipped -
  86  1  5.000e+15         0  417  464 CRUISE 2 176  16  64   2  424 |  71.00   71   0  8 0 0  0  0 |  3.125e+14  5.551e+15          0  2.753e+17     0  skipped -
  87  1  5.000e+15         0  417  464 CRUISE 2 176  16  64   2  424 |  71.00   71   0  8 0 0  0  0 |  3.125e+14  5.588e+15  5.588e+15  2.744e+17     0        - -
  88  1  5.168e+15 1.676e+14  418  464 CRUISE 2 176  16  64   2  424 |  71.25   71   0  8 0 0  0  0 |  3.230e+14  5.696e+15          0  2.792e+17     0  skipped -
  89  1  5.000e+15         0  417  464 CRUISE 2 176  16  64   2  424 |  71.00   71   0  8 0 0  0  0 |  3.125e+14  5.619e+15          0  2.839e+17     0  skipped -
  90  1  5.000e+15         0  417  464 CRUISE 2 176  16  64   2  424 |  71.00   71   0  8 0 0  0  0 |  3.125e+14  5.655e+15  5.655e+15  2.829e+17     0        - -
  91  1  5.170e+15 1.697e+14  418  464 CRUISE 2 176  16  64   2  424 |  71.25   71   0  8 0 0  0  0 |  3.231e+14  5.764e+15          0  2.878e+17     0  skipped -
  92  1  5.000e+15         0  417  464 CRUISE 2 176  16  64   2  424 |  71.00   71   0  8 0 0  0  0 |  3.125e+14  5.686e+15          0  2.925e+17     0  skipped -
  93  1  5.000e+15         0  417  465 CRUISE 2 176  16  64   2  424 |  71.00   71   0  8 0 0  0  0 |  3.125e+14  5.722e+15  5.722e+15  2.914e+17     0        - -
  94  1  5.172e+15 1.717e+14  418  465 CRUISE 2 176  16  64   2  424 |  71.25   71   0  8 0 0  0  0 |  3.232e+14  5.832e+15          0  2.963e+17     0  skipped -
  95  1  5.000e+15         0  417  465 CRUISE 2 176  16  64   2  424 |  71.00   71   0  8 0 0  0  0 |  3.125e+14  5.752e+15          0  3.010e+17     0  skipped -
  96  1  5.000e+15         0  417  465 CRUISE 2 176  16  64   2  424 |  71.00   71   0  8 0 0  0  0 |  3.125e+14  5.789e+15  5.789e+15  2.999e+17     0        - -
  97  1  5.174e+15 1.737e+14  418  465 CRUISE 2 176  16  64   2  424 |  71.25   71   0  8 0 0  0  0 |  3.234e+14  5.900e+15          0  3.047e+17     0  skipped -
  98  1  5.000e+15         0  417  465 CRUISE 2 176  16  64   2  424 |  71.00   71   0  8 0 0  0  0 |  3.125e+14  5.818e+15          0  3.094e+17     0  skipped -
  99  1  5.000e+15         0  417  465 CRUISE 2 176  16  64   2  424 |  71.00   71   0  8 0 0  0  0 |  3.125e+14  5.855e+15  5.855e+15  3.082e+17     0        - -
 100  1  5.176e+15 1.756e+14  418  465 CRUISE 2 176  16  64   2  424 |  71.25   71   0  8 0 0  0  0 |  3.235e+14  5.966e+15          0  3.131e+17     0  skipped -
 101  1  5.000e+15         0  417  465 CRUISE 2 176  16  64   2  424 |  71.00   71   0  8 0 0  0  0 |  3.125e+14  5.883e+15          0  3.178e+17     0  skipped -
 102  1  5.000e+15         0  417  465 CRUISE 2 176  16  64   2  424 |  71.00   71   0  8 0 0  0  0 |  3.125e+14  5.920e+15  5.920e+15  3.165e+17     0        - -
 103  1  5.178e+15 1.776e+14  418  465 CRUISE 2 176  16  64   2  424 |  71.25   71   0  8 0 0  0  0 |  3.236e+14  6.033e+15          0  3.214e+17     0  skipped -
 104  1  5.000e+15         0  417  465 CRUISE 2 176  16  64   2  424 |  71.00   71   0  8 0 0  0  0 |  3.125e+14  5.948e+15          0  3.261e+17     0  skipped -
 105  1  5.000e+15         0  417  466 CRUISE 2 176  16  64   2  424 |  71.00   71   0  8 0 0  0  0 |  3.125e+14  5.985e+15  5.985e+15  3.248e+17     0        - -
 106  1  5.180e+15 1.795e+14  418  466 CRUISE 2 176  16  64   2  424 |  71.25   71   0  8 0 0  0  0 |  3.237e+14  6.098e+15          0  3.296e+17     0  skipped -
 107  1  5.000e+15         0  417  466 CRUISE 2 176  16  64   2  424 |  71.00   71   0  8 0 0  0  0 |  3.125e+14  6.013e+15          0  3.343e+17     0  skipped -
 108  1  5.000e+15         0  417  466 CRUISE 2 176  16  64   2  424 |  71.00   71   0  8 0 0  0  0 |  3.125e+14  6.049e+15  6.049e+15  3.330e+17     0        - -
 109  1  5.181e+15 1.815e+14  418  466 CRUISE 2 176  16  64   2  424 |  71.25   71   0  8 0 0  0  0 |  3.238e+14  6.164e+15          0  3.378e+17     0  skipped -
 110  1  5.000e+15         0  417  466 CRUISE 2 176  16  64   2  424 |  71.00   71   0  8 0 0  0  0 |  3.125e+14  6.077e+15          0  3.425e+17     0  skipped -
 111  1  5.000e+15         0  417  466 CRUISE 2 176  16  64   2  424 |  71.00   71   0  8 0 0  0  0 |  3.125e+14  6.113e+15  6.113e+15  3.411e+17     0        - -
 112  1  5.183e+15 1.834e+14  418  466 CRUISE 2 176  16  64   2  424 |  71.25   71   0  8 0 0  0  0 |  3.240e+14  6.228e+15          0  3.459e+17     0  skipped -
 113  1  5.000e+15         0  417  466 CRUISE 2 176  16  64   2  424 |  71.00   71   0  8 0 0  0  0 |  3.125e+14  6.140e+15          0  3.506e+17     0  skipped -
 114  1  5.000e+15         0  417  466 CRUISE 2 176  16  64   2  424 |  71.00   71   0  8 0 0  0  0 |  3.125e+14  6.177e+15  6.177e+15  3.491e+17     0        - -
 115  1  5.185e+15 1.853e+14  418  466 CRUISE 2 176  16  64   2  424 |  71.25   71   0  8 0 0  0  0 |  3.241e+14  6.293e+15          0  3.540e+17     0  skipped -
 116  1  5.000e+15         0  417  466 CRUISE 2 176  16  64   2  424 |  71.00   71   0  8 0 0  0  0 |  3.125e+14  6.203e+15          0  3.587e+17     0  skipped -
 117  1  5.000e+15         0  417  466 CRUISE 2 176  16  64   2  424 |  71.00   71   0  8 0 0  0  0 |  3.125e+14  6.240e+15  6.240e+15  3.571e+17     0        - -
 118  1  5.187e+15 1.872e+14  418  466 CRUISE 2 176  16  64   2  424 |  71.25   71   0  8 0 0  0  0 |  3.242e+14  6.356e+15          0  3.620e+17     0  skipped -
 119  1  5.000e+15         0  417  467 CRUISE 2 176  16  64   2  424 |  71.00   71   0  8 0 0  0  0 |  3.125e+14  6.266e+15          0  3.667e+17     0  skipped -
 120  1  5.000e+15         0  417  467 CRUISE 2 176  16  64   2  424 |  71.00   71   0  8 0 0  0  0 |  3.125e+14  6.302e+15  6.302e+15  3.651e+17     0        - -
 121  1  1.891e+14 1.891e+14  379  467 CRUISE 2 176  16  64   2  424 |  68.00   71   3  8 0 0  0  0 |  1.182e+13  2.982e+15          0  3.652e+17     0  skipped dip
 122  1          0         0    0  467 CRUISE 2 176  16  64   2  424 |  65.00   71   6  7 0 0  0  0 |          0  2.854e+15          0  3.652e+17     0  skipped dip,quiet
 123  1          0         0    0  467 CRUISE 2 176  16  64   2  424 |  62.00   71   9  6 0 0  0  0 |          0  2.854e+15  2.854e+15  3.624e+17     0        - dip,quiet
 124  1  8.561e+13 8.561e+13  370  467 CRUISE 2 176  16  64   2  424 |  59.00   70  11  8 0 0  0  0 |  5.350e+12  2.890e+15          0  3.625e+17     0  skipped dip
 125  1          0         0    0  467 CRUISE 2 176  16  64   2  424 |  56.00   70  14  7 0 0  0  0 |          0  2.832e+15          0  3.625e+17     0  skipped dip,quiet
 126  1          0         0    0  467 DEFEND 2 256   0   0  34  424 |  53.00   70  17  6 0 0  0  3 |          0  4.814e+16  4.814e+16  3.143e+17     0        - dip,quiet,release
 127  1  1.444e+15 1.444e+15  403  465 DEFEND 2 256   0   0  32  424 |  54.00   70  16  8 0 0  0  2 |          0  4.074e+16          0  3.158e+17     0  skipped release
 128  1          0         0    0  465 DEFEND 2 256   0   0  36  424 |  51.00   69  18  7 0 0  0  1 |          0  4.441e+16          0  3.158e+17     0  skipped dip,quiet,release
 129  1          0         0    0  465 DEFEND 2 256   0   0  42  424 |  48.00   69  21  6 0 0  0  0 |          0  5.181e+16  5.181e+16  2.640e+17     0        - dip,quiet,release
 130  1  1.554e+15 1.554e+15  404  463   REST 2 176  16  64   2  424 |  50.50   69  19  8 0 0  5  0 |  9.714e+13  3.131e+15          0  2.654e+17     0  skipped cooldown
 131  1          0         0    0  463   REST 2 176  16  64   2  424 |  47.50   69  22  7 0 0  4  0 |          0  2.074e+15          0  2.654e+17     0  skipped dip,quiet,cooldown
 132  1          0         0    0  463   REST 2 176  16  64   2  424 |  44.50   68  24  6 0 0  3  0 |          0  2.074e+15  2.074e+15  2.634e+17     0        - dip,quiet,cooldown
 133  1  6.221e+13 6.221e+13  367  463   REST 2 176  16  64   2  424 |  41.50   68  27  8 0 0  2  0 |  3.888e+12  2.100e+15          0  2.634e+17     0  skipped dip,cooldown
 134  1          0         0    0  463   REST 2 176  16  64   2  424 |  38.50   68  30  7 0 0  1  0 |          0  2.058e+15          0  2.634e+17     0  skipped dip,quiet,cooldown
 135  1          0         0    0  463   REST 2 176  16  64   2  424 |  35.50   68  33  6 0 0  0  0 |          0  2.058e+15  2.058e+15  2.614e+17     0        - dip,quiet,cooldown
 136  1  6.174e+13 6.174e+13  367  463 DEFEND 2 256   0   0  64  424 |  32.50   67  35  8 0 0  0  3 |          0  6.540e+16          0  2.614e+17     0  skipped dip,release
 137  1          0         0    0  463 DEFEND 2 256   0   0  64  424 |  29.50   67  38  7 0 0  0  2 |          0  6.535e+16          0  2.614e+17     0  skipped dip,quiet,release
 138  1          0         0    0  463 DEFEND 2 256   0   0  64  424 |  26.50   67  41  6 0 0  0  1 |          0  6.535e+16  6.535e+16  1.961e+17     0        - dip,quiet,release
 139  1  1.961e+15 1.961e+15  406  459 DEFEND 2 256   0   0  64  424 |  34.75   67  33  8 0 0  0  0 |          0  5.098e+16          0  1.980e+17     0  skipped release
 140  1          0         0    0  459   REST 2 176  16  64   2  424 |  31.75   66  35  7 0 0  5  0 |          0  1.547e+15          0  1.980e+17     0  skipped dip,quiet,cooldown
 141  1          0         0    0  459   REST 2 176  16  64   2  424 |  28.75   66  38  6 0 0  4  0 |          0  1.547e+15  1.547e+15  1.965e+17     0        - dip,quiet,cooldown
 142  1  4.641e+13 4.641e+13  363  459   REST 2 176  16  64   2  424 |  25.75   66  41  8 0 0  3  0 |  2.901e+12  1.567e+15          0  1.965e+17     0  skipped dip,cooldown
 143  1          0         0    0  459   REST 2 176  16  64   2  424 |  22.75   66  44  7 0 0  2  0 |          0  1.535e+15          0  1.965e+17     0  skipped dip,quiet,cooldown
 144  1          0         0    0  459   REST 2 176  16  64   2  424 |  19.75   65  46  6 0 0  1  0 |          0  1.535e+15  1.535e+15  1.950e+17     0        - dip,quiet,cooldown
 145  1  4.606e+13 4.606e+13  363  459   REST 2 176  16  64   2  424 |  19.00   65  46  8 0 0  0  0 |  2.879e+12  1.555e+15          0  1.950e+17     0  skipped cooldown
 146  1          0         0    0  459 DEFEND 2 256   0   0  64  424 |  16.00   65  49  7 0 0  0  3 |          0  4.876e+16          0  1.950e+17     0  skipped dip,quiet,release
 147  1          0         0    0  459 DEFEND 2 256   0   0  64  424 |  13.00   65  52  6 0 0  0  2 |          0  4.876e+16  4.876e+16  1.463e+17     0        - dip,quiet,release
 148  1  1.463e+15 1.463e+15  403  457 DEFEND 2 256   0   0  64  424 |  24.00   64  40  8 0 0  0  1 |          0  3.803e+16          0  1.477e+17     0  skipped release
 149  1          0         0    0  457 DEFEND 2 256   0   0  64  424 |  21.00   64  43  7 0 0  0  0 |          0  3.693e+16          0  1.477e+17     0  skipped dip,quiet,release
 150  1          0         0    0  457   REST 2 176  16  64   2  424 |  18.00   64  46  6 0 0  5  0 |          0  1.154e+15  1.154e+15  1.466e+17     0        - dip,quiet,cooldown
 151  1  3.462e+13 3.462e+13  360  457   REST 2 176  16  64   2  424 |  17.00   64  47  8 0 0  4  0 |  2.164e+12  1.169e+15          0  1.466e+17     0  skipped cooldown
 152  1          0         0    0  457   REST 2 176  16  64   2  424 |  14.00   63  49  7 0 0  3  0 |          0  1.145e+15          0  1.466e+17     0  skipped dip,quiet,cooldown
 153  1          0         0    0  457   REST 2 176  16  64   2  424 |  11.00   63  52  6 0 0  2  0 |          0  1.145e+15  1.145e+15  1.455e+17     0        - dip,quiet,cooldown
 154  1  3.436e+13 3.436e+13  360  457   REST 2 176  16  64   2  424 |  11.75   63  52  8 0 0  1  0 |  2.148e+12  1.160e+15          0  1.455e+17     0  skipped cooldown
 155  1          0         0    0  457   REST 2 176  16  64   2  424 |   8.75   63  55  7 0 0  0  0 |          0  1.137e+15          0  1.455e+17     0  skipped dip,quiet,cooldown
 156  1          0         0    0  457 DEFEND 2 256   0   0  64  424 |   6.50   62  56  6 0 0  0  3 |          0  3.637e+16  3.637e+16  1.091e+17     0        - dip,quiet,release
 157  1  1.091e+15 1.091e+15  400  453 DEFEND 2 256   0   0  64  424 |  18.25   62  44  8 0 0  0  2 |          0  2.837e+16          0  1.102e+17     0  skipped release
 158  1          0         0    0  453 DEFEND 2 256   0   0  64  424 |  15.25   62  47  7 0 0  0  1 |          0  2.755e+16          0  1.102e+17     0  skipped dip,quiet,release
 159  1          0         0    0  453 DEFEND 2 256   0   0  64  424 |  12.25   62  50  6 0 0  0  0 |          0  2.755e+16  2.755e+16  8.266e+16     0        - dip,quiet,release
 160  1  8.266e+14 8.266e+14  396  450   REST 2 176  16  64   2  424 |  21.50   61  40  8 0 0  5  0 |  5.166e+13  1.214e+15          0  8.344e+16     0  skipped cooldown
 161  1          0         0    0  450   REST 2 176  16  64   2  424 |  18.50   61  43  7 0 0  4  0 |          0  6.518e+14          0  8.344e+16     0  skipped dip,quiet,cooldown
 162  1          0         0    0  450   REST 2 176  16  64   2  424 |  15.50   61  46  6 0 0  3  0 |          0  6.518e+14  6.518e+14  8.278e+16     0        - dip,quiet,cooldown
 163  1  1.956e+13 1.956e+13  353  450   REST 2 176  16  64   2  424 |  13.25   61  48  8 0 0  2  0 |  1.222e+12  6.602e+14          0  8.280e+16     0  skipped dip,cooldown
 164  1          0         0    0  450   REST 2 176  16  64   2  424 |  10.25   60  50  7 0 0  1  0 |          0  6.469e+14          0  8.280e+16     0  skipped dip,quiet,cooldown
 165  1          0         0    0  450   REST 2 176  16  64   2  424 |   7.50   60  53  6 0 0  0  0 |          0  6.469e+14  6.469e+14  8.216e+16     0        - dip,quiet,cooldown
 166  1  1.941e+13 1.941e+13  353  450 DEFEND 2 256   0   0  64  424 |   7.25   60  53  8 0 0  0  3 |          0  2.056e+16          0  8.218e+16     0  skipped release
 167  1          0         0    0  450 DEFEND 2 256   0   0  64  424 |   5.25   60  55  7 0 0  0  2 |          0  2.054e+16          0  8.218e+16     0  skipped quiet,release
 168  1          0         0    0  450 DEFEND 2 256   0   0  64  424 |   3.75   59  56  6 0 0  0  1 |          0  2.054e+16  2.054e+16  6.163e+16     0        - quiet,release
 169  1  6.163e+14 6.163e+14  393  446 DEFEND 2 256   0   0  64  424 |  14.50   59  45  8 0 0  0  0 |          0  1.602e+16          0  6.225e+16     0  skipped release
 170  1          0         0    0  446   REST 2 176  16  64   2  424 |  11.50   59  48  7 0 0  5  0 |          0  4.863e+14          0  6.225e+16     0  skipped dip,quiet,cooldown
 171  1          0         0    0  446   REST 2 176  16  64   2  424 |   8.50   59  51  6 0 0  4  0 |          0  4.863e+14  4.863e+14  6.176e+16     0        - dip,quiet,cooldown
 172  1  1.459e+13 1.459e+13  350  446   REST 2 176  16  64   2  424 |   7.25   58  51  8 0 0  3  0 |  9.118e+11  4.925e+14          0  6.177e+16     0  skipped cooldown
 173  1          0         0    0  446   REST 2 176  16  64   2  424 |   5.25   58  53  7 0 0  2  0 |          0  4.826e+14          0  6.177e+16     0  skipped quiet,cooldown
 174  1          0         0    0  446   REST 2 176  16  64   2  424 |   3.75   58  55  6 0 0  1  0 |          0  4.826e+14  4.826e+14  6.129e+16     0        - quiet,cooldown
 175  1  1.448e+13 1.448e+13  350  446   REST 2 176  16  64   2  424 |   3.75   58  55  8 0 0  0  0 |  9.049e+11  4.888e+14          0  6.131e+16     0  skipped cooldown
 176  1          0         0    0  446 DEFEND 2 256   0   0  64  424 |   2.75   57  55  7 0 0  0  3 |          0  1.533e+16          0  6.131e+16     0  skipped quiet,release
 177  1          0         0    0  446 DEFEND 2 256   0   0  64  424 |   2.00   57  55  6 0 0  0  2 |          0  1.533e+16  1.533e+16  4.598e+16     0        - quiet,release
 178  1  4.598e+14 4.598e+14  390  443 DEFEND 2 256   0   0  64  424 |  12.50   57  45  8 0 0  0  1 |          0  1.195e+16          0  4.644e+16     0  skipped release
 179  1          0         0    0  443 DEFEND 2 256   0   0  64  424 |   9.50   57  48  7 0 0  0  0 |          0  1.161e+16          0  4.644e+16     0  skipped dip,quiet,release
 180  1          0         0    0  443   REST 2 176  16  64   2  424 |   7.00   56  49  6 0 0  5  0 |          0  3.628e+14  3.628e+14  4.608e+16     0        - dip,quiet,cooldown
 181  1  1.088e+13 1.088e+13  346  443   REST 2 176  16  64   2  424 |   5.25   56  51  5 0 0  4  0 |  6.803e+11  3.675e+14          0  4.609e+16     0  skipped quiet,cooldown
 182  1          0         0    0  443   REST 2 176  16  64   2  424 |   3.75   56  53  4 0 0  3  0 |          0  3.601e+14          0  4.609e+16     0  skipped quiet,cooldown
 183  1          0         0    0  443   REST 2 176  16  64   2  424 |   2.75   56  54  3 0 0  2  0 |          0  3.601e+14  3.601e+14  4.573e+16     0        - quiet,cooldown
 184  1  1.080e+13 1.080e+13  346  443   REST 2 176  16  64   2  424 |   2.00   55  53  2 0 0  1  0 |  6.751e+11  3.647e+14          0  4.574e+16     0  skipped quiet,cooldown
 185  1          0         0    0  443   REST 2 176  16  64   2  424 |   1.50   55  54  1 0 0  0  0 |          0  3.573e+14          0  4.574e+16     0  skipped quiet,cooldown
 186  1          0         0    0  443 DEFEND 2 256   0   0  64  424 |   1.00   55  54  0 0 0  0  3 |          0  1.143e+16  1.143e+16  3.430e+16     0        - quiet,release
 187  1  3.430e+14 3.430e+14  386  440 DEFEND 2 256   0   0  32  424 |  40.00   40   0  8 3 0  0  2 |          0  4.631e+15          0  3.465e+16     0  skipped release,warm
 188  1          0         0    0  440 DEFEND 2 256   0   0  32  424 |  37.00   39   2  7 2 0  0  1 |          0  4.331e+15          0  3.465e+16     0  skipped dip,quiet,release,warm
 189  1          0         0    0  440 DEFEND 2 256   0   0  32  424 |  34.00   39   5  6 1 0  0  0 |          0  4.331e+15  4.331e+15  3.031e+16     0        - dip,quiet,release,warm
 190  1  1.299e+14 1.299e+14  375  438   REST 2 176  16  64   2  424 |  32.75   39   7  8 0 0  5  0 |  8.120e+12  3.262e+14          0  3.044e+16     0  skipped cooldown,warm
 191  1          0         0    0  438   REST 2 176  16  64   2  424 |  29.75   39  10  7 0 0  4  0 |          0  2.378e+14          0  3.044e+16     0  skipped dip,quiet,cooldown
 192  1          0         0    0  438   REST 2 176  16  64   2  424 |  26.75   38  12  6 0 0  3  0 |          0  2.378e+14  2.378e+14  3.020e+16     0        - dip,quiet,cooldown
 193  1  7.134e+12 7.134e+12  341  438   REST 2 176  16  64   2  424 |  23.75   38  15  5 0 0  2  0 |  4.458e+11  2.408e+14          0  3.021e+16     0  skipped dip,quiet,cooldown
 194  1          0         0    0  438   REST 2 176  16  64   2  424 |  20.75   38  18  4 0 0  1  0 |          0  2.360e+14          0  3.021e+16     0  skipped dip,quiet,cooldown
 195  1          0         0    0  438   REST 2 176  16  64   2  424 |  17.75   38  21  3 0 0  0  0 |          0  2.360e+14  2.360e+14  2.997e+16     0        - dip,quiet,cooldown
 196  1  7.079e+12 7.079e+12  341  438 DEFEND 2 256   0   0  46  424 |  14.75   37  23  2 0 0  0  3 |          0  5.392e+15          0  2.998e+16     0  skipped dip,quiet,release
 197  1          0         0    0  438 DEFEND 2 256   0   0  52  424 |  11.75   37  26  1 0 0  0  2 |          0  6.089e+15          0  2.998e+16     0  skipped dip,quiet,release
 198  1          0         0    0  438 DEFEND 2 256   0   0  58  424 |   8.75   37  29  0 0 0  0  1 |          0  6.792e+15  6.792e+15  2.319e+16     0        - dip,quiet,release
 199  1  2.037e+14 2.037e+14  380  435 DEFEND 2 256   0   0  32  424 |  34.00   34   0  8 3 0  0  0 |          0  3.102e+15          0  2.339e+16     0  skipped release,warm
 200  1          0         0    0  435   REST 2 176  16  64   2  424 |  31.00   33   2  7 2 0  5  0 |          0  1.827e+14          0  2.339e+16     0  skipped dip,quiet,cooldown,warm
 201  1          0         0    0  435   REST 2 176  16  64   2  424 |  28.00   33   5  6 1 0  4  0 |          0  1.827e+14  1.827e+14  2.321e+16     0        - dip,quiet,cooldown,warm
 202  1  5.482e+12 5.482e+12  338  435   REST 2 176  16  64   2  424 |  25.00   33   8  5 0 0  3  0 |  3.426e+11  1.851e+14          0  2.321e+16     0  skipped dip,quiet,cooldown,warm
 203  1          0         0    0  435   REST 2 176  16  64   2  424 |  22.00   33  11  4 0 0  2  0 |          0  1.813e+14          0  2.321e+16     0  skipped dip,quiet,cooldown
 204  1          0         0    0  435   REST 2 176  16  64   2  424 |  19.00   32  13  3 0 0  1  0 |          0  1.813e+14  1.813e+14  2.303e+16     0        - dip,quiet,cooldown
 205  1  5.440e+12 5.440e+12  338  435   REST 2 176  16  64   2  424 |  16.00   32  16  2 0 0  0  0 |  3.400e+11  1.837e+14          0  2.304e+16     0  skipped dip,quiet,cooldown
 206  1          0         0    0  435 DEFEND 2 256   0   0  38  424 |  13.00   32  19  1 0 0  0  3 |          0  3.419e+15          0  2.304e+16     0  skipped dip,quiet,release
 207  1          0         0    0  435 DEFEND 2 256   0   0  44  424 |  10.00   32  22  0 0 0  0  2 |          0  3.959e+15  3.959e+15  1.908e+16     0        - dip,quiet,release
 208  1  1.188e+14 1.188e+14  374  433 DEFEND 2 256   0   0  32  424 |  28.00   28   0  8 3 0  0  1 |          0  2.503e+15          0  1.919e+16     0  skipped release,warm
 209  1          0         0    0  433 DEFEND 2 256   0   0  32  424 |  25.00   28   3  7 2 0  0  0 |          0  2.399e+15          0  1.919e+16     0  skipped dip,quiet,release,warm
 210  1          0         0    0  433   REST 2 176  16  64   2  424 |  22.00   28   6  6 1 0  5  0 |          0  1.500e+14  1.500e+14  1.904e+16     0        - dip,quiet,cooldown,warm
 211  1  4.499e+12 4.499e+12  337  433   REST 2 176  16  64   2  424 |  19.00   28   9  5 0 0  4  0 |  2.812e+11  1.519e+14          0  1.905e+16     0  skipped dip,quiet,cooldown,warm
 212  1          0         0    0  433   REST 2 176  16  64   2  424 |  16.00   27  11  4 0 0  3  0 |          0  1.488e+14          0  1.905e+16     0  skipped dip,quiet,cooldown
 213  1          0         0    0  433   REST 2 176  16  64   2  424 |  13.00   27  14  3 0 0  2  0 |          0  1.488e+14  1.488e+14  1.890e+16     0        - dip,quiet,cooldown
 214  1  4.465e+12 4.465e+12  337  433   REST 2 176  16  64   2  424 |  10.00   27  17  2 0 0  1  0 |  2.790e+11  1.507e+14          0  1.890e+16     0  skipped dip,quiet,cooldown
 215  1          0         0    0  433   REST 2 176  16  64   2  424 |   7.50   27  20  1 0 0  0  0 |          0  1.477e+14          0  1.890e+16     0  skipped dip,quiet,cooldown
 216  1          0         0    0  433 DEFEND 2 256   0   0  42  424 |   5.50   26  21  0 0 0  0  3 |          0  3.101e+15  3.101e+15  1.580e+16     0        - quiet,release
 217  1  9.304e+13 9.304e+13  371  431 DEFEND 2 256   0   0  32  424 |  25.00   25   0  8 3 0  0  2 |          0  2.068e+15          0  1.590e+16     0  skipped release,warm
 218  1          0         0    0  431 DEFEND 2 256   0   0  32  424 |  22.00   25   3  7 2 0  0  1 |          0  1.987e+15          0  1.590e+16     0  skipped dip,quiet,release,warm
 219  1          0         0    0  431 DEFEND 2 256   0   0  32  424 |  19.00   25   6  6 1 0  0  0 |          0  1.987e+15  1.987e+15  1.391e+16     0        - dip,quiet,release,warm
 220  1  5.961e+13 5.961e+13  366  429   REST 2 176  16  64   2  424 |  20.00   24   4  8 0 0  5  0 |  3.726e+12  1.496e+14          0  1.396e+16     0  skipped cooldown,warm
 221  1          0         0    0  429   REST 2 176  16  64   2  424 |  17.00   24   7  7 0 0  4  0 |          0  1.091e+14          0  1.396e+16     0  skipped dip,quiet,cooldown
 222  1          0         0    0  429   REST 2 176  16  64   2  424 |  14.00   24  10  6 0 0  3  0 |          0  1.091e+14  1.091e+14  1.386e+16     0        - dip,quiet,cooldown
 223  1  3.273e+12 3.273e+12  332  429   REST 2 176  16  64   2  424 |  11.00   24  13  5 0 0  2  0 |  2.046e+11  1.105e+14          0  1.386e+16     0  skipped dip,quiet,cooldown
 224  1          0         0    0  429   REST 2 176  16  64   2  424 |   8.25   23  15  4 0 0  1  0 |          0  1.083e+14          0  1.386e+16     0  skipped dip,quiet,cooldown
 225  1          0         0    0  429   REST 2 176  16  64   2  424 |   6.00   23  17  3 0 0  0  0 |          0  1.083e+14  1.083e+14  1.375e+16     0        - dip,quiet,cooldown
 226  1  3.248e+12 3.248e+12  332  429 DEFEND 2 256   0   0  38  424 |   4.50   23  19  2 0 0  0  3 |          0  2.044e+15          0  1.375e+16     0  skipped quiet,release
 227  1          0         0    0  429 DEFEND 2 256   0   0  40  424 |   3.25   23  20  1 0 0  0  2 |          0  2.149e+15          0  1.375e+16     0  skipped quiet,release
 228  1          0         0    0  429 DEFEND 2 256   0   0  40  424 |   2.25   22  20  0 0 0  0  1 |          0  2.149e+15  2.149e+15  1.160e+16     0        - quiet,release
 229  1  6.447e+13 6.447e+13  367  427 DEFEND 2 256   0   0  32  424 |  21.00   21   0  8 3 0  0  0 |          0  1.515e+15          0  1.167e+16     0  skipped release,warm
 230  1          0         0    0  427   REST 2 176  16  64   2  424 |  18.00   21   3  7 2 0  5  0 |          0  9.117e+13          0  1.167e+16     0  skipped dip,quiet,cooldown,warm
 231  1          0         0    0  427   REST 2 176  16  64   2  424 |  15.00   21   6  6 1 0  4  0 |          0  9.117e+13  9.117e+13  1.158e+16     0        - dip,quiet,cooldown,warm
 232  1  2.735e+12 2.735e+12  330  427   REST 2 176  16  64   2  424 |  12.00   20   8  5 0 0  3  0 |  1.709e+11  9.233e+13          0  1.158e+16     0  skipped dip,quiet,cooldown,warm
 233  1          0         0    0  427   REST 2 176  16  64   2  424 |   9.00   20  11  4 0 0  2  0 |          0  9.047e+13          0  1.158e+16     0  skipped dip,quiet,cooldown
 234  1          0         0    0  427   REST 2 176  16  64   2  424 |   6.75   20  14  3 0 0  1  0 |          0  9.047e+13  9.047e+13  1.149e+16     0        - dip,quiet,cooldown
 235  1  2.714e+12 2.714e+12  330  427   REST 2 176  16  64   2  424 |   5.00   20  15  2 0 0  0  0 |  1.696e+11  9.163e+13          0  1.149e+16     0  skipped quiet,cooldown
 236  1          0         0    0  427 DEFEND 2 256   0   0  32  424 |   3.75   19  16  1 0 0  0  3 |          0  1.437e+15          0  1.149e+16     0  skipped quiet,release
 237  1          0         0    0  427 DEFEND 2 256   0   0  34  424 |   2.75   19  17  0 0 0  0  2 |          0  1.526e+15  1.526e+15  9.966e+15     0        - quiet,release
 238  1  4.579e+13 4.579e+13  363  425 DEFEND 2 256   0   0  32  424 |  17.00   17   0  8 3 0  0  1 |          0  1.292e+15          0  1.001e+16     0  skipped release,warm
 239  1          0         0    0  425 DEFEND 2 256   0   0  32  424 |  14.00   17   3  7 2 0  0  0 |          0  1.252e+15          0  1.001e+16     0  skipped dip,quiet,release,warm
 240  1          0         0    0  425   REST 2 176  16  64   2  424 |  11.00   16   5  6 1 0  5  0 |          0  7.822e+13  7.822e+13  9.934e+15     0        - dip,quiet,cooldown,warm

failed-buys            ep  240 settles  240  in 6.000e+17  allow   7.4%  bought  91.0%  left   1.7%  maxRes 146.7 ep  tier 2  clamp 0  {'CRUISE': 125, 'DEFEND': 48, 'REST': 67}  [echo 2.8%; buys shrunk 0 skipped 160]
