Graduates in the middle of a surge (in BANK); token tax is noisy afterwards.

  ep dt     inflow  TAX  RES   mode T buy alw res REL CEIL |      A   PK  dd LV W S CD TR |      allow     bought    reserve clamp flags
----------------------------------------------------------------------------------------------------------------------------------------
   1  1  2.000e+16  433    0 CRUISE 1 160  32  64   2  432 |  87.00   87   0  8 3 0  0  0 |  2.500e+15  1.250e+16  5.000e+15     0 tierup,warm
   2  1  2.000e+16  433  417 CRUISE 1 160  32  64   2  432 |  87.00   87   0  8 2 0  0  0 |  2.500e+15  1.254e+16  9.961e+15     0 warm
   3  1  2.000e+16  433  425 CRUISE 1 160  32  64   2  432 |  87.00   87   0  8 1 0  0  0 |  2.500e+15  1.258e+16  1.488e+16     0 warm
   4  1  2.000e+16  433  430 CRUISE 1 160  32  64   2  432 |  87.00   87   0  8 0 0  0  0 |  2.500e+15  1.262e+16  1.977e+16     0 warm
   5  1  2.000e+16  433  433 CRUISE 2 176  16  64   2  424 |  87.00   87   0  8 0 0  0  0 |  1.250e+15  1.390e+16  2.461e+16     0 tierup
   6  1  2.000e+16  433  435 CRUISE 2 176  16  64   2  424 |  87.00   87   0  8 0 0  0  0 |  1.250e+15  1.394e+16  2.942e+16     0 -
   7  1  2.000e+16  433  438 CRUISE 2 176  16  64   2  424 |  87.00   87   0  8 0 0  0  0 |  1.250e+15  1.398e+16  3.419e+16     0 -
   8  1  2.000e+16  433  440 CRUISE 2 176  16  64   2  424 |  87.00   87   0  8 0 0  0  0 |  1.250e+15  1.402e+16  3.892e+16     0 -
   9  1  2.000e+16  433  441 CRUISE 2 176  16  64   2  424 |  87.00   87   0  8 0 0  0  0 |  1.250e+15  1.405e+16  4.362e+16     0 -
  10  1  2.000e+16  433  442 CRUISE 2 176  16  64   2  424 |  87.00   87   0  8 0 0  0  0 |  1.250e+15  1.409e+16  4.828e+16     0 -
  11  1  2.000e+16  433  443 CRUISE 2 176  16  64   2  424 |  87.00   87   0  8 0 0  0  0 |  1.250e+15  1.413e+16  5.290e+16     0 -
  12  1  2.000e+16  433  444 CRUISE 2 176  16  64   2  424 |  87.00   87   0  8 0 0  0  0 |  1.250e+15  1.416e+16  5.749e+16     0 -
  13  1  2.000e+16  433  445 CRUISE 2 176  16  64   2  424 |  87.00   87   0  8 0 0  0  0 |  1.250e+15  1.420e+16  6.204e+16     0 -
  14  1  2.000e+16  433  446 CRUISE 2 176  16  64   2  424 |  87.00   87   0  8 0 0  0  0 |  1.250e+15  1.423e+16  6.655e+16     0 -
  15  1  2.000e+16  433  447 CRUISE 2 176  16  64   2  424 |  87.00   87   0  8 0 0  0  0 |  1.250e+15  1.427e+16  7.103e+16     0 -
  16  1  2.000e+16  433  448 CRUISE 2 176  16  64   2  424 |  87.00   87   0  8 0 0  0  0 |  1.250e+15  1.430e+16  7.548e+16     0 -
  17  1  2.000e+16  433  449 CRUISE 2 176  16  64   2  424 |  87.00   87   0  8 0 0  0  0 |  1.250e+15  1.434e+16  7.989e+16     0 -
  18  1  2.000e+16  433  449 CRUISE 2 176  16  64   2  424 |  87.00   87   0  8 0 0  0  0 |  1.250e+15  1.437e+16  8.427e+16     0 -
  19  1  2.000e+16  433  450 CRUISE 2 176  16  64   2  424 |  87.00   87   0  8 0 0  0  0 |  1.250e+15  1.441e+16  8.861e+16     0 -
  20  1  2.000e+16  433  450 CRUISE 2 176  16  64   2  424 |  87.00   87   0  8 0 0  0  0 |  1.250e+15  1.444e+16  9.291e+16     0 -
  21  1  2.000e+16  433  451 CRUISE 2 176  16  64   2  424 |  87.00   87   0  8 0 0  0  0 |  1.250e+15  1.448e+16  9.719e+16     0 -
  22  1  2.000e+16  433  451 CRUISE 2 176  16  64   2  424 |  87.00   87   0  8 0 0  0  0 |  1.250e+15  1.451e+16  1.014e+17     0 -
  23  1  2.000e+16  433  452 CRUISE 2 176  16  64   2  424 |  87.00   87   0  8 0 0  0  0 |  1.250e+15  1.454e+16  1.056e+17     0 -
  24  1  2.000e+16  433  452 CRUISE 2 176  16  64   2  424 |  87.00   87   0  8 0 0  0  0 |  1.250e+15  1.458e+16  1.098e+17     0 -
  25  1  2.000e+16  433  453 CRUISE 2 176  16  64   2  424 |  87.00   87   0  8 0 0  0  0 |  1.250e+15  1.461e+16  1.140e+17     0 -
  26  1  2.000e+16  433  453 CRUISE 2 176  16  64   2  424 |  87.00   87   0  8 0 0  0  0 |  1.250e+15  1.464e+16  1.181e+17     0 -
  27  1  2.000e+16  433  454 CRUISE 2 176  16  64   2  424 |  87.00   87   0  8 0 0  0  0 |  1.250e+15  1.467e+16  1.221e+17     0 -
  28  1  2.000e+16  433  454 CRUISE 2 176  16  64   2  424 |  87.00   87   0  8 0 0  0  0 |  1.250e+15  1.470e+16  1.262e+17     0 -
  29  1  2.000e+16  433  455 CRUISE 2 176  16  64   2  424 |  87.00   87   0  8 0 0  0  0 |  1.250e+15  1.474e+16  1.302e+17     0 -
  30  1  2.000e+16  433  455 CRUISE 2 176  16  64   2  424 |  87.00   87   0  8 0 0  0  0 |  1.250e+15  1.477e+16  1.342e+17     0 -
  31  1  3.200e+17  465  455   BANK 2  56   8 192   2  424 |  95.00   95   0  8 0 2  0  0 |  8.444e+15  7.105e+16  3.747e+17     0 surge
  32  1  3.200e+17  465  467   BANK 3  60   4 192   2  416 | 101.00  101   0  8 0 3  0  0 |  4.222e+15  7.793e+16  6.125e+17     0 surge,tierup
  33  1  3.200e+17  465  473   BANK 3  84   4 168   2  416 | 105.50  105   0  8 0 3  0  0 |  4.222e+15  1.098e+17  8.185e+17     0 surge
  34  1  3.200e+17  465  476   BANK 3 100   4 152   2  416 | 108.75  108   0  8 0 3  0  0 |  4.222e+15  1.314e+17  1.003e+18     0 surge
  35  1  3.200e+17  465  478   BANK 3 112   4 140   2  416 | 111.25  111   0  8 0 3  0  0 |  4.222e+15  1.478e+17  1.171e+18     0 surge
  36  1  3.200e+17  465  481   BANK 3 124   4 128   2  416 | 113.00  113   0  8 0 3  0  0 |  4.222e+15  1.641e+17  1.322e+18     0 surge
  37  1  7.928e+23  635    0 CRUISE 3 192   0  64   2  416 | 105.00  105   0  8 3 0  0  0 |          0  5.946e+23  1.982e+23     0 regime,warm
  38  1  5.994e+22  605  619 CRUISE 3 192   0  64   2  416 | 102.00  105   3  8 2 0  0  0 |          0  4.650e+22  2.116e+23     0 dip,warm
  39  1  2.365e+24  648  620 CRUISE 3 192   0  64   2  416 | 118.00  118   0  8 1 0  0  0 |          0  1.776e+24  8.013e+23     0 warm
  40  1  4.273e+23  628  635 CRUISE 3 192   0  64   2  416 | 115.00  117   2  8 0 0  0  0 |          0  3.267e+23  9.019e+23     0 dip,warm
  41  1  2.589e+23  622  636 CRUISE 3 192   0  64   2  416 | 112.00  117   5  8 0 0  0  0 |          0  2.012e+23  9.596e+23     0 dip
  42  1  1.707e+23  618  637 CRUISE 3 192   0  64   2  416 | 109.00  117   8  8 0 0  0  0 |          0  1.356e+23  9.948e+23     0 dip
  43  1  1.709e+24  644  638 CRUISE 3 192   0  64   2  416 | 110.25  117   7  8 0 0  0  0 |          0  1.289e+24  1.414e+24     0 -
  44  1          0    0  642 CRUISE 3 192   0  64   2  416 | 107.25  116   9  7 0 0  0  0 |          0  1.105e+22  1.403e+24     0 dip,quiet
  45  1  2.499e+23  622  642 CRUISE 3 192   0  64   2  416 | 104.25  116  12  8 0 0  0  0 |          0  1.984e+23  1.455e+24     0 dip
  46  1  4.045e+23  627  642 CRUISE 3 192   0  64   2  416 | 102.25  116  14  8 0 0  0  0 |          0  3.147e+23  1.544e+24     0 -
  47  1  8.870e+23  636  643 CRUISE 3 192   0  64   2  416 | 103.00  116  13  8 0 0  0  0 |          0  6.773e+23  1.754e+24     0 -
  48  1  4.376e+23  628  644 CRUISE 3 192   0  64   2  416 | 101.75  115  14  8 0 0  0  0 |          0  3.419e+23  1.850e+24     0 -
  49  1  5.062e+23  630  645 CRUISE 3 192   0  64   2  416 | 101.25  115  14  8 0 0  0  0 |          0  3.941e+23  1.962e+24     0 -
  50  1  9.957e+23  638  645 CRUISE 3 192   0  64   2  416 | 102.75  115  13  8 0 0  0  0 |          0  7.621e+23  2.196e+24     0 -
  51  1  1.273e+23  614  647 DEFEND 3 256   0   0  32  416 |  99.75  115  16  8 0 0  0  3 |          0  4.018e+23  1.921e+24     0 dip,release
  52  1  1.076e+24  639  645 DEFEND 3 256   0   0  32  416 | 102.00  114  12  8 0 0  0  2 |          0  1.316e+24  1.681e+24     0 release
  53  1          0    0  644 DEFEND 3 256   0   0  32  416 |  99.00  114  15  7 0 0  0  1 |          0  2.101e+23  1.471e+24     0 dip,quiet,release
  54  1  2.225e+23  620  642 DEFEND 3 256   0   0  36  416 |  96.75  114  18  8 0 0  0  0 |          0  4.293e+23  1.264e+24     0 dip,release
  55  1  2.348e+23  621  641   REST 3 192   0  64   2  416 |  95.25  114  19  8 0 0  5  0 |          0  1.860e+23  1.313e+24     0 cooldown
  56  1  4.871e+22  603  641   REST 3 192   0  64   2  416 |  92.25  113  21  8 0 0  4  0 |          0  4.679e+22  1.315e+24     0 dip,cooldown
  57  1  4.560e+23  629  641   REST 3 192   0  64   2  416 |  93.75  113  20  8 0 0  3  0 |          0  3.523e+23  1.419e+24     0 cooldown
  58  1  1.240e+23  614  642   REST 3 192   0  64   2  416 |  91.25  113  22  8 0 0  2  0 |          0  1.041e+23  1.438e+24     0 dip,cooldown
  59  1          0    0  642   REST 3 192   0  64   2  416 |  88.25  113  25  7 0 0  1  0 |          0  1.124e+22  1.427e+24     0 dip,quiet,cooldown
  60  1  1.302e+23  614  642   REST 3 192   0  64   2  416 |  87.00  112  25  8 0 0  0  0 |          0  1.088e+23  1.449e+24     0 cooldown
  61  1  1.851e+24  645  642 DEFEND 3 256   0   0  36  416 |  94.00  112  18  8 0 0  0  3 |          0  2.055e+24  1.245e+24     0 release
  62  1  2.125e+23  620  641 DEFEND 3 256   0   0  38  416 |  93.00  112  19  8 0 0  0  2 |          0  3.973e+23  1.060e+24     0 release
  63  1  3.747e+22  600  639 DEFEND 3 256   0   0  44  416 |  90.00  112  22  8 0 0  0  1 |          0  2.197e+23  8.779e+23     0 dip,release
  64  1  3.023e+23  625  636 DEFEND 3 256   0   0  40  416 |  91.25  111  20  8 0 0  0  0 |          0  4.395e+23  7.407e+23     0 release
  65  1  4.354e+23  628  634   REST 3 192   0  64   2  416 |  92.75  111  19  8 0 0  5  0 |          0  3.323e+23  8.438e+23     0 cooldown
  66  1  2.648e+23  623  636   REST 3 192   0  64   2  416 |  92.75  111  19  8 0 0  4  0 |          0  2.052e+23  9.034e+23     0 cooldown
  67  1  1.124e+23  612  636   REST 3 192   0  64   2  416 |  90.00  111  21  8 0 0  3  0 |          0  9.138e+22  9.244e+23     0 dip,cooldown
  68  1  3.325e+23  625  637   REST 3 192   0  64   2  416 |  91.25  110  19  8 0 0  2  0 |          0  2.566e+23  1.000e+24     0 cooldown
  69  1  1.317e+23  614  638   REST 3 192   0  64   2  416 |  89.25  110  21  8 0 0  1  0 |          0  1.066e+23  1.025e+24     0 cooldown
  70  1  1.030e+24  638  638   REST 3 192   0  64   2  416 |  93.75  110  17  8 0 0  0  0 |          0  7.805e+23  1.275e+24     0 cooldown
  71  1  1.183e+24  640  641 CRUISE 3 192   0  64   2  416 |  97.75  110  13  8 0 0  0  0 |          0  8.975e+23  1.561e+24     0 -
  72  1  4.168e+23  628  643 CRUISE 3 192   0  64   2  416 |  97.75  109  12  8 0 0  0  0 |          0  3.248e+23  1.653e+24     0 -
  73  1  1.987e+23  619  643 CRUISE 3 192   0  64   2  416 |  95.50  109  14  8 0 0  0  0 |          0  1.620e+23  1.690e+24     0 dip
  74  1  1.239e+24  641  644 CRUISE 3 192   0  64   2  416 |  99.25  109  10  8 0 0  0  0 |          0  9.424e+23  1.986e+24     0 -
  75  1  1.076e+23  612  646 CRUISE 3 192   0  64   2  416 |  96.25  109  13  8 0 0  0  0 |          0  9.624e+22  1.998e+24     0 dip
  76  1  4.219e+23  628  646 CRUISE 3 192   0  64   2  416 |  96.50  108  12  8 0 0  0  0 |          0  3.320e+23  2.087e+24     0 -
  77  1  8.354e+22  609  646 CRUISE 3 192   0  64   2  416 |  93.50  108  15  8 0 0  0  0 |          0  7.896e+22  2.092e+24     0 dip
  78  1  3.763e+23  626  646 CRUISE 3 192   0  64   2  416 |  94.00  108  14  8 0 0  0  0 |          0  2.986e+23  2.170e+24     0 -
  79  1  3.797e+23  627  647 CRUISE 3 192   0  64   2  416 |  94.75  108  14  8 0 0  0  0 |          0  3.017e+23  2.248e+24     0 -
  80  1  1.241e+23  614  647 CRUISE 3 192   0  64   2  416 |  92.00  107  15  8 0 0  0  0 |          0  1.107e+23  2.261e+24     0 dip
  81  1  4.679e+23  629  647 CRUISE 3 192   0  64   2  416 |  93.75  107  14  8 0 0  0  0 |          0  3.686e+23  2.360e+24     0 -
  82  1          0    0  648 DEFEND 3 256   0   0  34  416 |  90.75  107  17  7 0 0  0  3 |          0  3.135e+23  2.047e+24     0 dip,quiet,release
  83  1  1.604e+24  643  646 DEFEND 3 256   0   0  32  416 |  96.25  107  11  8 0 0  0  2 |          0  1.860e+24  1.791e+24     0 release
  84  1  1.230e+24  641  644 DEFEND 3 256   0   0  32  416 |  99.75  106   7  8 0 0  0  1 |          0  1.453e+24  1.567e+24     0 release
  85  1          0    0  643 DEFEND 3 256   0   0  32  416 |  96.75  106  10  7 0 0  0  0 |          0  1.959e+23  1.371e+24     0 dip,quiet,release
  86  1  2.605e+23  622  642   REST 3 192   0  64   2  416 |  95.50  106  11  8 0 0  5  0 |          0  2.061e+23  1.426e+24     0 cooldown
  87  1  1.953e+23  619  642   REST 3 192   0  64   2  416 |  93.75  106  13  8 0 0  4  0 |          0  1.576e+23  1.463e+24     0 cooldown
  88  1  2.013e+23  619  642   REST 3 192   0  64   2  416 |  92.50  105  13  8 0 0  3  0 |          0  1.624e+23  1.502e+24     0 cooldown
  89  1  2.510e+23  622  642   REST 3 192   0  64   2  416 |  92.25  105  13  8 0 0  2  0 |          0  2.000e+23  1.553e+24     0 cooldown
  90  1  3.021e+23  624  643   REST 3 192   0  64   2  416 |  92.50  105  13  8 0 0  1  0 |          0  2.387e+23  1.617e+24     0 cooldown
  91  1  2.493e+23  622  643   REST 3 192   0  64   2  416 |  92.25  105  13  8 0 0  0  0 |          0  1.996e+23  1.666e+24     0 cooldown
  92  1  1.157e+23  613  644 CRUISE 3 192   0  64   2  416 |  89.75  104  15  8 0 0  0  0 |          0  9.978e+22  1.682e+24     0 dip
  93  1  7.261e+23  634  644 CRUISE 3 192   0  64   2  416 |  93.25  104  11  8 0 0  0  0 |          0  5.577e+23  1.851e+24     0 -
  94  1  7.302e+23  634  645 CRUISE 3 192   0  64   2  416 |  95.75  104   9  8 0 0  0  0 |          0  5.621e+23  2.019e+24     0 -
  95  1  4.247e+23  628  646 CRUISE 3 192   0  64   2  416 |  96.25  104   8  8 0 0  0  0 |          0  3.343e+23  2.109e+24     0 -
  96  1  6.074e+23  633  646 CRUISE 3 192   0  64   2  416 |  97.75  103   6  8 0 0  0  0 |          0  4.721e+23  2.245e+24     0 -
  97  1  1.984e+23  619  647 CRUISE 3 192   0  64   2  416 |  95.50  103   8  8 0 0  0  0 |          0  1.663e+23  2.277e+24     0 dip
  98  1  8.688e+22  610  648 CRUISE 3 192   0  64   2  416 |  92.50  103  11  8 0 0  0  0 |          0  8.294e+22  2.281e+24     0 dip
  99  1  4.185e+23  628  648 CRUISE 3 192   0  64   2  416 |  93.75  103  10  8 0 0  0  0 |          0  3.317e+23  2.367e+24     0 -
 100  1  1.000e+24  638  648 CRUISE 3 192   0  64   2  416 |  97.25  102   5  8 0 0  0  0 |          0  7.687e+23  2.599e+24     0 -
 101  1  1.897e+24  645  649 CRUISE 3 192   0  64   2  416 | 101.50  102   1  8 0 1  0  0 |          0  1.443e+24  3.053e+24     0 surge
 102  1  8.124e+23  635  651 CRUISE 3 192   0  64   2  416 | 102.25  102   0  8 0 0  0  0 |          0  6.331e+23  3.232e+24     0 -
 103  1  1.319e+23  614  651 CRUISE 3 192   0  64   2  416 |  99.25  102   3  8 0 0  0  0 |          0  1.242e+23  3.240e+24     0 dip
 104  1  2.020e+23  619  651 CRUISE 3 192   0  64   2  416 |  96.50  101   5  8 0 0  0  0 |          0  1.768e+23  3.265e+24     0 dip
 105  1  1.276e+23  614  651 CRUISE 3 192   0  64   2  416 |  93.50  101   8  8 0 0  0  0 |          0  1.212e+23  3.271e+24     0 dip
 106  1  2.288e+24  648  651 CRUISE 3 192   0  64   2  416 |  99.50  101   2  8 0 1  0  0 |          0  1.742e+24  3.818e+24     0 surge
 107  1          0    0  653 CRUISE 3 192   0  64   2  416 |  96.50  101   5  7 0 0  0  0 |          0  2.983e+22  3.788e+24     0 dip,quiet
 108  1  1.003e+23  611  653 CRUISE 3 192   0  64   2  416 |  93.50  100   7  8 0 0  0  0 |          0  1.048e+23  3.784e+24     0 dip
 109  1  7.155e+23  634  653 CRUISE 3 192   0  64   2  416 |  96.00  100   4  8 0 0  0  0 |          0  5.662e+23  3.933e+24     0 -
 110  1  7.287e+22  608  654 CRUISE 3 192   0  64   2  416 |  93.00  100   7  8 0 0  0  0 |          0  8.538e+22  3.921e+24     0 dip
 111  1          0    0  653 CRUISE 3 192   0  64   2  416 |  90.00  100  10  7 0 0  0  0 |          0  3.063e+22  3.890e+24     0 dip,quiet
 112  1  2.616e+22  596  653 CRUISE 3 192   0  64   2  416 |  87.00   99  12  8 0 0  0  0 |          0  5.001e+22  3.866e+24     0 dip
 113  1  1.372e+23  615  653 CRUISE 3 192   0  64   2  416 |  86.50   99  13  8 0 0  0  0 |          0  1.331e+23  3.870e+24     0 -
 114  1  1.999e+24  646  653 CRUISE 3 192   0  64   2  416 |  93.75   99   6  8 0 1  0  0 |          0  1.529e+24  4.340e+24     0 surge
 115  1  6.820e+23  634  655 CRUISE 3 192   0  64   2  416 |  96.25   99   3  8 0 0  0  0 |          0  5.454e+23  4.476e+24     0 -
 116  1  3.531e+23  626  655 CRUISE 3 192   0  64   2  416 |  96.00   98   2  8 0 0  0  0 |          0  2.998e+23  4.529e+24     0 -
 117  1  3.091e+23  625  655 CRUISE 3 192   0  64   2  416 |  95.75   98   3  8 0 0  0  0 |          0  2.672e+23  4.571e+24     0 -
 118  1  4.711e+23  629  656 CRUISE 3 192   0  64   2  416 |  96.50   98   2  8 0 0  0  0 |          0  3.891e+23  4.653e+24     0 -
 119  1  3.384e+23  625  656 CRUISE 3 192   0  64   2  416 |  96.00   98   2  8 0 0  0  0 |          0  2.901e+23  4.702e+24     0 -
 120  1  1.676e+24  644  656 CRUISE 3 192   0  64   2  416 | 100.50  100   0  8 0 1  0  0 |          0  1.293e+24  5.084e+24     0 surge
 121  1  5.777e+23  632  657 CRUISE 3 192   0  64   2  416 | 100.75  100   0  8 0 0  0  0 |          0  4.730e+23  5.189e+24     0 -
 122  1  7.384e+23  634  657 CRUISE 3 192   0  64   2  416 | 101.50  101   0  8 0 0  0  0 |          0  5.943e+23  5.333e+24     0 -
 123  1  1.677e+23  617  657 CRUISE 3 192   0  64   2  416 |  98.50  101   3  8 0 0  0  0 |          0  1.675e+23  5.333e+24     0 dip
 124  1  2.815e+23  623  657 CRUISE 3 192   0  64   2  416 |  97.00  100   3  8 0 0  0  0 |          0  2.528e+23  5.362e+24     0 -
 125  1  2.126e+23  620  657 CRUISE 3 192   0  64   2  416 |  95.25  100   5  8 0 0  0  0 |          0  2.013e+23  5.373e+24     0 -
 126  1  1.676e+23  617  657 CRUISE 3 192   0  64   2  416 |  93.00  100   7  8 0 0  0  0 |          0  1.676e+23  5.373e+24     0 dip
 127  1  2.003e+23  619  657 CRUISE 3 192   0  64   2  416 |  92.00  100   8  8 0 0  0  0 |          0  1.922e+23  5.381e+24     0 -
 128  1  5.593e+23  631  657 CRUISE 3 192   0  64   2  416 |  94.25   99   5  8 0 0  0  0 |          0  4.615e+23  5.479e+24     0 -
 129  1          0    0  658 CRUISE 3 192   0  64   2  416 |  91.25   99   8  7 0 0  0  0 |          0  4.280e+22  5.436e+24     0 dip,quiet
 130  1  2.622e+23  622  657 CRUISE 3 192   0  64   2  416 |  91.25   99   8  8 0 0  0  0 |          0  2.391e+23  5.459e+24     0 -
 131  1  6.691e+23  633  658 CRUISE 3 192   0  64   2  416 |  94.00   99   5  8 0 0  0  0 |          0  5.445e+23  5.584e+24     0 -
 132  1  2.887e+23  624  658 CRUISE 3 192   0  64   2  416 |  94.00   98   4  8 0 0  0  0 |          0  2.602e+23  5.612e+24     0 -
 133  1  3.369e+23  625  658 CRUISE 3 192   0  64   2  416 |  94.25   98   4  8 0 0  0  0 |          0  2.965e+23  5.652e+24     0 -
 134  1  1.632e+23  617  658 CRUISE 3 192   0  64   2  416 |  92.25   98   6  8 0 0  0  0 |          0  1.665e+23  5.649e+24     0 -
 135  1  1.755e+24  644  658 CRUISE 3 192   0  64   2  416 |  97.50   98   1  8 0 1  0  0 |          0  1.360e+24  6.044e+24     0 surge
 136  1  1.247e+23  614  658 CRUISE 3 192   0  64   2  416 |  94.50   97   3  8 0 0  0  0 |          0  1.408e+23  6.028e+24     0 dip
 137  1  1.129e+24  639  658 CRUISE 3 192   0  64   2  416 |  98.00   98   0  8 0 1  0  0 |          0  8.941e+23  6.263e+24     0 surge
 138  1  3.832e+23  627  659 CRUISE 3 192   0  64   2  416 |  97.75   98   1  8 0 0  0  0 |          0  3.363e+23  6.310e+24     0 -
 139  1  2.087e+23  620  659 CRUISE 3 192   0  64   2  416 |  95.75   98   3  8 0 0  0  0 |          0  2.058e+23  6.313e+24     0 -
 140  1  3.028e+23  625  659 CRUISE 3 192   0  64   2  416 |  95.50   97   2  8 0 0  0  0 |          0  2.764e+23  6.339e+24     0 -
 141  1  2.314e+23  621  659 CRUISE 3 192   0  64   2  416 |  94.25   97   3  8 0 0  0  0 |          0  2.231e+23  6.347e+24     0 -
 142  1  1.970e+23  619  659 CRUISE 3 192   0  64   2  416 |  92.75   97   5  8 0 0  0  0 |          0  1.973e+23  6.347e+24     0 -
 143  1  1.604e+23  617  659 CRUISE 3 192   0  64   2  416 |  91.25   97   6  8 0 0  0  0 |          0  1.699e+23  6.338e+24     0 -
 144  1  1.938e+23  619  659 CRUISE 3 192   0  64   2  416 |  90.50   96   6  8 0 0  0  0 |          0  1.949e+23  6.337e+24     0 -
 145  1  1.004e+23  611  659 CRUISE 3 192   0  64   2  416 |  88.00   96   8  8 0 0  0  0 |          0  1.248e+23  6.312e+24     0 dip
 146  1  9.004e+22  610  659 CRUISE 3 192   0  64   2  416 |  86.00   96  10  8 0 0  0  0 |          0  1.168e+23  6.285e+24     0 dip
 147  1  7.497e+23  634  659 CRUISE 3 192   0  64   2  416 |  90.50   96   6  8 0 1  0  0 |          0  6.114e+23  6.424e+24     0 surge
 148  1  6.567e+23  633  659 CRUISE 3 192   0  64   2  416 |  93.50   95   2  8 0 0  0  0 |          0  5.427e+23  6.538e+24     0 -
 149  1  1.035e+23  611  659 CRUISE 3 192   0  64   2  416 |  90.50   95   5  8 0 0  0  0 |          0  1.287e+23  6.512e+24     0 dip
 150  1  1.317e+24  641  659 CRUISE 3 192   0  64   2  416 |  95.50   95   0  8 0 1  0  0 |          0  1.038e+24  6.791e+24     0 surge
 151  1  1.086e+23  612  660 CRUISE 3 192   0  64   2  416 |  92.50   95   3  8 0 0  0  0 |          0  1.345e+23  6.765e+24     0 dip
 152  1  9.664e+22  611  660 CRUISE 3 192   0  64   2  416 |  89.50   94   5  8 0 0  0  0 |          0  1.253e+23  6.736e+24     0 dip
 153  1  3.029e+23  625  660 CRUISE 3 192   0  64   2  416 |  90.75   94   4  8 0 0  0  0 |          0  2.798e+23  6.759e+24     0 -
 154  1  5.948e+23  632  660 CRUISE 3 192   0  64   2  416 |  93.50   94   1  8 0 1  0  0 |          0  4.989e+23  6.855e+24     0 surge
 155  1  7.983e+23  635  660   BANK 3 116   0 140   2  416 |  96.25   96   0  8 0 2  0  0 |          0  4.153e+23  7.238e+24     0 surge
 156  1  9.928e+23  638  660   BANK 3 112   0 144   2  416 |  99.00   99   0  8 0 3  0  0 |          0  4.909e+23  7.740e+24     0 surge
 157  1  1.288e+23  614  661   BANK 3 128   0 128   2  416 |  96.00   99   3  8 0 2  0  0 |          0  1.248e+23  7.744e+24     0 dip
 158  1          0    0  661   BANK 3 128   0 128   2  416 |  93.00   99   6  7 0 1  0  0 |          0  6.050e+22  7.683e+24     0 dip,quiet
 159  1          0    0  661 DEFEND 3 256   0   0  32  416 |  90.00   99   9  6 0 0  0  3 |          0  9.604e+23  6.723e+24     0 dip,quiet,release
 160  1  1.872e+23  618  660 DEFEND 3 256   0   0  32  416 |  89.50   98   9  8 0 0  0  2 |          0  1.028e+24  5.883e+24     0 release
 161  1  9.025e+23  636  658   REST 3 192   0  64   2  416 |  93.50   98   5  8 0 1  5  0 |          0  7.229e+23  6.062e+24     0 surge,cooldown
 162  1  6.727e+24  660  659   REST 3 192   0  64   2  416 | 102.50  102   0  8 0 3  4  0 |          0  5.092e+24  7.697e+24     0 surge,cooldown
 163  1  3.290e+23  625  661   REST 3 192   0  64   2  416 | 100.50  102   2  8 0 2  3  0 |          0  3.069e+23  7.719e+24     0 cooldown
 164  1  4.995e+23  630  661   REST 3 192   0  64   2  416 | 100.25  101   1  8 0 1  2  0 |          0  4.349e+23  7.783e+24     0 cooldown
 165  1  6.306e+23  633  661   REST 3 192   0  64   2  416 | 100.75  101   1  8 0 0  1  0 |          0  5.338e+23  7.880e+24     0 cooldown
 166  1  4.036e+23  627  662   REST 3 192   0  64   2  416 |  99.75  101   2  8 0 0  0  0 |          0  3.642e+23  7.920e+24     0 cooldown
 167  1  2.135e+24  647  662 CRUISE 3 192   0  64   2  416 | 104.00  104   0  8 0 1  0  0 |          0  1.663e+24  8.391e+24     0 surge
 168  1  4.281e+22  602  662 CRUISE 3 192   0  64   2  416 | 101.00  103   2  8 0 0  0  0 |          0  9.767e+22  8.336e+24     0 dip
 169  1  2.401e+23  621  662 CRUISE 3 192   0  64   2  416 |  98.50  103   5  8 0 0  0  0 |          0  2.452e+23  8.331e+24     0 dip
 170  1  3.327e+23  625  662 CRUISE 3 192   0  64   2  416 |  97.50  103   6  8 0 0  0  0 |          0  3.146e+23  8.349e+24     0 -
 171  1  1.837e+24  645  662 CRUISE 3 192   0  64   2  416 | 101.75  103   2  8 0 1  0  0 |          0  1.443e+24  8.743e+24     0 surge
 172  1  9.368e+23  637  663 CRUISE 3 192   0  64   2  416 | 103.00  103   0  8 0 0  0  0 |          0  7.709e+23  8.909e+24     0 -
 173  1  3.490e+23  626  663 CRUISE 3 192   0  64   2  416 | 101.25  103   2  8 0 0  0  0 |          0  3.314e+23  8.927e+24     0 -
 174  1  1.134e+23  613  663 CRUISE 3 192   0  64   2  416 |  98.25  103   5  8 0 0  0  0 |          0  1.548e+23  8.885e+24     0 dip
 175  1  8.724e+23  636  663 CRUISE 3 192   0  64   2  416 | 100.00  103   3  8 0 0  0  0 |          0  7.237e+23  9.034e+24     0 -
 176  1  4.880e+24  657  663 CRUISE 3 192   0  64   2  416 | 106.75  106   0  8 0 1  0  0 |          0  3.731e+24  1.018e+25     0 surge
 177  1  2.022e+23  619  665 CRUISE 3 192   0  64   2  416 | 103.75  106   3  8 0 0  0  0 |          0  2.312e+23  1.015e+25     0 dip
 178  1          0    0  665 CRUISE 3 192   0  64   2  416 | 100.75  106   6  7 0 0  0  0 |          0  7.933e+22  1.008e+25     0 dip,quiet
 179  1  4.660e+22  602  665 CRUISE 3 192   0  64   2  416 |  97.75  106   9  8 0 0  0  0 |          0  1.137e+23  1.001e+25     0 dip
 180  1  2.340e+24  648  665 CRUISE 3 192   0  64   2  416 | 102.75  105   3  8 0 1  0  0 |          0  1.833e+24  1.051e+25     0 surge
 181  1  1.661e+23  617  665 CRUISE 3 192   0  64   2  416 |  99.75  105   6  8 0 0  0  0 |          0  2.067e+23  1.047e+25     0 dip
 182  1  4.836e+23  629  665 CRUISE 3 192   0  64   2  416 |  99.50  105   6  8 0 0  0  0 |          0  4.445e+23  1.051e+25     0 -
 183  1  4.364e+24  655  665 CRUISE 3 192   0  64   2  416 | 105.75  105   0  8 0 1  0  0 |          0  3.355e+24  1.152e+25     0 surge
 184  1  7.595e+23  635  666 CRUISE 3 192   0  64   2  416 | 105.50  105   0  8 0 0  0  0 |          0  6.597e+23  1.162e+25     0 -
 185  1  2.172e+23  620  666 CRUISE 3 192   0  64   2  416 | 102.50  105   3  8 0 0  0  0 |          0  2.537e+23  1.159e+25     0 dip
 186  1  2.314e+23  621  666 CRUISE 3 192   0  64   2  416 |  99.50  105   6  8 0 0  0  0 |          0  2.641e+23  1.155e+25     0 dip
 187  1  3.555e+23  626  666 CRUISE 3 192   0  64   2  416 |  98.50  105   7  8 0 0  0  0 |          0  3.569e+23  1.155e+25     0 -
 188  1  9.843e+23  638  666 CRUISE 3 192   0  64   2  416 | 100.75  104   4  8 0 0  0  0 |          0  8.285e+23  1.171e+25     0 -
 189  1  7.891e+22  609  666 CRUISE 3 192   0  64   2  416 |  97.75  104   7  8 0 0  0  0 |          0  1.506e+23  1.164e+25     0 dip
 190  1  9.308e+23  637  666 CRUISE 3 192   0  64   2  416 | 100.00  104   4  8 0 0  0  0 |          0  7.890e+23  1.178e+25     0 -
 191  1  1.365e+23  615  666 CRUISE 3 192   0  64   2  416 |  97.00  104   7  8 0 0  0  0 |          0  1.944e+23  1.172e+25     0 dip
 192  1  6.977e+22  607  666 CRUISE 3 192   0  64   2  416 |  94.00  103   9  8 0 0  0  0 |          0  1.439e+23  1.165e+25     0 dip
 193  1  3.022e+24  650  666 CRUISE 3 192   0  64   2  416 | 100.50  103   3  8 0 1  0  0 |          0  2.358e+24  1.231e+25     0 surge
 194  1  1.374e+23  615  667 CRUISE 3 192   0  64   2  416 |  97.50  103   6  8 0 0  0  0 |          0  1.992e+23  1.225e+25     0 dip
 195  1          0    0  667 CRUISE 3 192   0  64   2  416 |  94.50  103   9  7 0 0  0  0 |          0  9.569e+22  1.215e+25     0 dip,quiet
 196  1          0    0  667 CRUISE 3 192   0  64   2  416 |  91.50  102  11  6 0 0  0  0 |          0  9.494e+22  1.206e+25     0 dip,quiet
 197  1  3.284e+23  625  666 CRUISE 3 192   0  64   2  416 |  92.25  102  10  8 0 0  0  0 |          0  3.405e+23  1.205e+25     0 -
 198  1  2.079e+24  646  666 CRUISE 3 192   0  64   2  416 |  98.00  102   4  8 0 1  0  0 |          0  1.653e+24  1.247e+25     0 surge
 199  1  2.733e+24  650  667   BANK 3  88   0 168   2  416 | 103.50  103   0  8 0 2  0  0 |          0  1.037e+24  1.417e+25     0 surge
 200  1  8.252e+22  609  668   BANK 3 128   0 128   2  416 | 100.50  102   2  8 0 1  0  0 |          0  1.519e+23  1.410e+25     0 dip
 201  1  1.230e+23  614  668 DEFEND 3 256   0   0  32  416 |  97.50  102   5  8 0 0  0  3 |          0  1.885e+24  1.234e+25     0 dip,release
 202  1  5.081e+22  603  667 DEFEND 3 256   0   0  32  416 |  94.50  102   8  8 0 0  0  2 |          0  1.593e+24  1.079e+25     0 dip,release
 203  1  3.187e+23  625  665 DEFEND 3 256   0   0  32  416 |  94.50  102   8  8 0 0  0  1 |          0  1.668e+24  9.444e+24     0 release
 204  1  3.419e+24  652  664   REST 3 192   0  64   2  416 | 101.25  101   0  8 0 1  5  0 |          0  2.638e+24  1.023e+25     0 surge,cooldown
 205  1  6.069e+22  605  665   REST 3 192   0  64   2  416 |  98.25  101   3  8 0 0  4  0 |          0  1.254e+23  1.016e+25     0 dip,cooldown
 206  1  1.249e+23  614  665   REST 3 192   0  64   2  416 |  95.25  101   6  8 0 0  3  0 |          0  1.731e+23  1.011e+25     0 dip,cooldown
 207  1  3.909e+22  601  665   REST 3 192   0  64   2  416 |  92.25  101   9  8 0 0  2  0 |          0  1.083e+23  1.004e+25     0 dip,cooldown
 208  1  7.789e+23  635  665   REST 3 192   0  64   2  416 |  95.25  100   5  8 0 0  1  0 |          0  6.627e+23  1.016e+25     0 cooldown
 209  1          0    0  665   REST 3 192   0  64   2  416 |  92.25  100   8  7 0 0  0  0 |          0  7.937e+22  1.008e+25     0 dip,quiet,cooldown
 210  1  6.229e+23  633  665 CRUISE 3 192   0  64   2  416 |  94.75  100   6  8 0 0  0  0 |          0  5.459e+23  1.016e+25     0 -
 211  1  2.709e+23  623  665 CRUISE 3 192   0  64   2  416 |  94.25  100   6  8 0 0  0  0 |          0  2.826e+23  1.015e+25     0 -
 212  1  1.075e+23  612  665 CRUISE 3 192   0  64   2  416 |  91.25   99   8  8 0 0  0  0 |          0  1.599e+23  1.009e+25     0 dip
 213  1  8.167e+23  635  665 CRUISE 3 192   0  64   2  416 |  94.50   99   5  8 0 0  0  0 |          0  6.914e+23  1.022e+25     0 -
 214  1          0    0  665 CRUISE 3 192   0  64   2  416 |  91.50   99   8  7 0 0  0  0 |          0  7.983e+22  1.014e+25     0 dip,quiet
 215  1  3.170e+24  651  665 CRUISE 3 192   0  64   2  416 |  98.75   99   1  8 0 1  0  0 |          0  2.457e+24  1.085e+25     0 surge
 216  1  1.146e+23  613  665 CRUISE 3 192   0  64   2  416 |  95.75   98   3  8 0 0  0  0 |          0  1.707e+23  1.080e+25     0 dip
 217  1  7.477e+23  634  665 CRUISE 3 192   0  64   2  416 |  97.75   98   1  8 0 0  0  0 |          0  6.451e+23  1.090e+25     0 -
 218  1          0    0  666 CRUISE 3 192   0  64   2  416 |  94.75   98   4  7 0 0  0  0 |          0  8.514e+22  1.081e+25     0 dip,quiet
 219  1  1.044e+23  612  665 CRUISE 3 192   0  64   2  416 |  91.75   98   7  8 0 0  0  0 |          0  1.628e+23  1.075e+25     0 dip
 220  1  6.046e+22  605  665 CRUISE 3 192   0  64   2  416 |  88.75   97   9  8 0 0  0  0 |          0  1.294e+23  1.069e+25     0 dip
 221  1  3.253e+23  625  665 CRUISE 3 192   0  64   2  416 |  90.25   97   7  8 0 0  0  0 |          0  3.275e+23  1.068e+25     0 -
 222  1  3.883e+22  601  665 CRUISE 3 192   0  64   2  416 |  87.25   97  10  8 0 0  0  0 |          0  1.126e+23  1.061e+25     0 dip
 223  1  6.916e+22  607  665 CRUISE 3 192   0  64   2  416 |  84.50   97  13  8 0 0  0  0 |          0  1.348e+23  1.054e+25     0 dip
 224  1  5.219e+22  604  665 CRUISE 3 192   0  64   2  416 |  81.75   96  15  8 0 0  0  0 |          0  1.215e+23  1.048e+25     0 dip
 225  1  4.437e+23  628  665 CRUISE 3 192   0  64   2  416 |  85.75   96  11  8 0 0  0  0 |          0  4.146e+23  1.050e+25     0 -
 226  1  6.546e+21  580  665 CRUISE 3 192   0  64   2  416 |  82.75   96  14  8 0 0  0  0 |          0  8.697e+22  1.042e+25     0 dip
 227  1  6.466e+22  606  665 CRUISE 3 192   0  64   2  416 |  81.00   96  15  8 0 0  0  0 |          0  1.299e+23  1.036e+25     0 -
 228  1  3.456e+22  599  665 DEFEND 3 256   0   0  34  416 |  78.00   95  17  8 0 0  0  3 |          0  1.410e+24  8.983e+24     0 dip,release
 229  1  1.450e+23  616  663 DEFEND 3 256   0   0  32  416 |  80.00   95  15  8 0 0  0  2 |          0  1.268e+24  7.860e+24     0 release
 230  1  4.637e+23  629  662 DEFEND 3 256   0   0  32  416 |  84.75   95  11  8 0 0  0  1 |          0  1.446e+24  6.877e+24     0 release
 231  1  8.398e+22  609  660 DEFEND 3 256   0   0  32  416 |  83.25   95  12  8 0 0  0  0 |          0  9.437e+23  6.018e+24     0 release
 232  1  5.450e+24  658  658   REST 3 192   0  64   2  416 |  94.25   94   0  8 0 2  5  0 |          0  4.135e+24  7.333e+24     0 surge,cooldown
 233  1  6.519e+22  606  661   REST 3 192   0  64   2  416 |  91.25   94   3  8 0 1  4  0 |          0  1.062e+23  7.292e+24     0 dip,cooldown
 234  1          0    0  661   REST 3 192   0  64   2  416 |  88.25   94   6  7 0 0  3  0 |          0  5.697e+22  7.235e+24     0 dip,quiet,cooldown
 235  1  1.604e+23  617  660   REST 3 192   0  64   2  416 |  87.75   94   7  8 0 0  2  0 |          0  1.769e+23  7.219e+24     0 cooldown
 236  1  5.109e+23  630  660   REST 3 192   0  64   2  416 |  90.75   93   3  8 0 0  1  0 |          0  4.396e+23  7.290e+24     0 cooldown

graduation-busy        ep  236 settles  236  in 1.177e+26  allow   0.0%  bought  93.8%  left   6.2%  maxRes  28.4 ep  tier 3  clamp 0  {'CRUISE': 168, 'BANK': 12, 'DEFEND': 21, 'REST': 35}
