Graduates at epoch 61 (an outside buyer takes the rest of the curve): tax is then 1e22 token units (10,000 tokens) per epoch.

  ep dt     inflow      echo  TAX  RES   mode T buy alw res REL CEIL |      A   PK  dd LV W S CD TR |      allow    decided     bought    reserve clamp   kernel flags
----------------------------------------------------------------------------------------------------------------------------------------------------------------------
   1  1  2.000e+16         0  433    0 CRUISE 1 160  32  64   2  432 |  87.00   87   0  8 3 0  0  0 |  2.500e+15  1.250e+16  1.250e+16  5.000e+15     0        - tierup,warm
   2  1  2.038e+16 3.750e+14  434  417 CRUISE 1 160  32  64   2  432 |  88.00   88   0  8 2 0  0  0 |  2.547e+15  1.277e+16  1.277e+16  1.005e+16     0        - warm
   3  1  2.038e+16 3.832e+14  434  425 CRUISE 1 160  32  64   2  432 |  88.00   88   0  8 1 0  0  0 |  2.548e+15  1.282e+16  1.282e+16  1.507e+16     0        - warm
   4  1  2.038e+16 3.845e+14  434  430 CRUISE 1 160  32  64   2  432 |  88.00   88   0  8 0 0  0  0 |  2.548e+15  1.286e+16  1.286e+16  2.005e+16     0        - warm
   5  1  2.039e+16 3.857e+14  434  433 CRUISE 2 176  16  64   2  424 |  88.00   88   0  8 0 0  0  0 |  1.274e+15  1.417e+16  1.417e+16  2.499e+16     0        - tierup
   6  1  2.043e+16 4.252e+14  434  436 CRUISE 2 176  16  64   2  424 |  88.00   88   0  8 0 0  0  0 |  1.277e+15  1.424e+16  1.424e+16  2.990e+16     0        - -
   7  1  2.043e+16 4.271e+14  434  438 CRUISE 2 176  16  64   2  424 |  88.00   88   0  8 0 0  0  0 |  1.277e+15  1.428e+16  1.428e+16  3.477e+16     0        - -
   8  1  2.043e+16 4.283e+14  434  440 CRUISE 2 176  16  64   2  424 |  88.00   88   0  8 0 0  0  0 |  1.277e+15  1.432e+16  1.432e+16  3.961e+16     0        - -
   9  1  2.043e+16 4.295e+14  434  441 CRUISE 2 176  16  64   2  424 |  88.00   88   0  8 0 0  0  0 |  1.277e+15  1.435e+16  1.435e+16  4.441e+16     0        - -
  10  1  2.043e+16 4.306e+14  434  442 CRUISE 2 176  16  64   2  424 |  88.00   88   0  8 0 0  0  0 |  1.277e+15  1.439e+16  1.439e+16  4.917e+16     0        - -
  11  1  2.043e+16 4.318e+14  434  443 CRUISE 2 176  16  64   2  424 |  88.00   88   0  8 0 0  0  0 |  1.277e+15  1.443e+16  1.443e+16  5.389e+16     0        - -
  12  1  2.043e+16 4.329e+14  434  444 CRUISE 2 176  16  64   2  424 |  88.00   88   0  8 0 0  0  0 |  1.277e+15  1.447e+16  1.447e+16  5.858e+16     0        - -
  13  1  2.043e+16 4.341e+14  434  446 CRUISE 2 176  16  64   2  424 |  88.00   88   0  8 0 0  0  0 |  1.277e+15  1.451e+16  1.451e+16  6.323e+16     0        - -
  14  1  2.044e+16 4.352e+14  434  447 CRUISE 2 176  16  64   2  424 |  88.00   88   0  8 0 0  0  0 |  1.277e+15  1.454e+16  1.454e+16  6.785e+16     0        - -
  15  1  2.044e+16 4.363e+14  434  448 CRUISE 2 176  16  64   2  424 |  88.00   88   0  8 0 0  0  0 |  1.277e+15  1.458e+16  1.458e+16  7.242e+16     0        - -
  16  1  2.044e+16 4.374e+14  434  449 CRUISE 2 176  16  64   2  424 |  88.00   88   0  8 0 0  0  0 |  1.277e+15  1.462e+16  1.462e+16  7.697e+16     0        - -
  17  1  2.044e+16 4.385e+14  434  449 CRUISE 2 176  16  64   2  424 |  88.00   88   0  8 0 0  0  0 |  1.277e+15  1.465e+16  1.465e+16  8.148e+16     0        - -
  18  1  2.044e+16 4.396e+14  434  450 CRUISE 2 176  16  64   2  424 |  88.00   88   0  8 0 0  0  0 |  1.277e+15  1.469e+16  1.469e+16  8.595e+16     0        - -
  19  1  2.044e+16 4.407e+14  434  450 CRUISE 2 176  16  64   2  424 |  88.00   88   0  8 0 0  0  0 |  1.278e+15  1.472e+16  1.472e+16  9.039e+16     0        - -
  20  1  2.044e+16 4.417e+14  434  451 CRUISE 2 176  16  64   2  424 |  88.00   88   0  8 0 0  0  0 |  1.278e+15  1.476e+16  1.476e+16  9.479e+16     0        - -
  21  1  2.044e+16 4.428e+14  434  451 CRUISE 2 176  16  64   2  424 |  88.00   88   0  8 0 0  0  0 |  1.278e+15  1.479e+16  1.479e+16  9.916e+16     0        - -
  22  1  2.044e+16 4.438e+14  434  452 CRUISE 2 176  16  64   2  424 |  88.00   88   0  8 0 0  0  0 |  1.278e+15  1.483e+16  1.483e+16  1.035e+17     0        - -
  23  1  2.044e+16 4.449e+14  434  452 CRUISE 2 176  16  64   2  424 |  88.00   88   0  8 0 0  0  0 |  1.278e+15  1.486e+16  1.486e+16  1.078e+17     0        - -
  24  1  2.045e+16 4.459e+14  434  452 CRUISE 2 176  16  64   2  424 |  88.00   88   0  8 0 0  0  0 |  1.278e+15  1.490e+16  1.490e+16  1.121e+17     0        - -
  25  1  2.045e+16 4.470e+14  434  453 CRUISE 2 176  16  64   2  424 |  88.00   88   0  8 0 0  0  0 |  1.278e+15  1.493e+16  1.493e+16  1.163e+17     0        - -
  26  1  2.045e+16 4.480e+14  434  453 CRUISE 2 176  16  64   2  424 |  88.00   88   0  8 0 0  0  0 |  1.278e+15  1.497e+16  1.497e+16  1.205e+17     0        - -
  27  1  2.045e+16 4.490e+14  434  454 CRUISE 2 176  16  64   2  424 |  88.00   88   0  8 0 0  0  0 |  1.278e+15  1.500e+16  1.500e+16  1.247e+17     0        - -
  28  1  2.045e+16 4.500e+14  434  454 CRUISE 2 176  16  64   2  424 |  88.00   88   0  8 0 0  0  0 |  1.278e+15  1.503e+16  1.503e+16  1.288e+17     0        - -
  29  1  2.045e+16 4.510e+14  434  455 CRUISE 2 176  16  64   2  424 |  88.00   88   0  8 0 0  0  0 |  1.278e+15  1.507e+16  1.507e+16  1.329e+17     0        - -
  30  1  2.045e+16 4.520e+14  434  455 CRUISE 2 176  16  64   2  424 |  88.00   88   0  8 0 0  0  0 |  1.278e+15  1.510e+16  1.510e+16  1.370e+17     0        - -
  31  1  2.045e+16 4.530e+14  434  456 CRUISE 2 176  16  64   2  424 |  88.00   88   0  8 0 0  0  0 |  1.278e+15  1.513e+16  1.513e+16  1.410e+17     0        - -
  32  1  2.045e+16 4.540e+14  434  456 CRUISE 2 176  16  64   2  424 |  88.00   88   0  8 0 0  0  0 |  1.278e+15  1.516e+16  1.516e+16  1.451e+17     0        - -
  33  1  2.045e+16 4.549e+14  434  457 CRUISE 2 176  16  64   2  424 |  88.00   88   0  8 0 0  0  0 |  1.278e+15  1.520e+16  1.520e+16  1.490e+17     0        - -
  34  1  2.046e+16 4.559e+14  434  457 CRUISE 2 176  16  64   2  424 |  88.00   88   0  8 0 0  0  0 |  1.278e+15  1.523e+16  1.523e+16  1.530e+17     0        - -
  35  1  2.046e+16 4.568e+14  434  457 CRUISE 2 176  16  64   2  424 |  88.00   88   0  8 0 0  0  0 |  1.279e+15  1.526e+16  1.526e+16  1.569e+17     0        - -
  36  1  2.046e+16 4.578e+14  434  457 CRUISE 2 176  16  64   2  424 |  88.00   88   0  8 0 0  0  0 |  1.279e+15  1.529e+16  1.529e+16  1.608e+17     0        - -
  37  1  2.046e+16 4.587e+14  434  457 CRUISE 2 176  16  64   2  424 |  88.00   88   0  8 0 0  0  0 |  1.279e+15  1.532e+16  1.532e+16  1.647e+17     0        - -
  38  1  2.046e+16 4.596e+14  434  458 CRUISE 2 176  16  64   2  424 |  88.00   88   0  8 0 0  0  0 |  1.279e+15  1.535e+16  1.535e+16  1.685e+17     0        - -
  39  1  2.046e+16 4.606e+14  434  458 CRUISE 2 176  16  64   2  424 |  88.00   88   0  8 0 0  0  0 |  1.279e+15  1.538e+16  1.538e+16  1.723e+17     0        - -
  40  1  2.046e+16 4.615e+14  434  458 CRUISE 2 176  16  64   2  424 |  88.00   88   0  8 0 0  0  0 |  1.279e+15  1.541e+16  1.541e+16  1.760e+17     0        - -
  41  1  2.046e+16 4.624e+14  434  458 CRUISE 2 176  16  64   2  424 |  88.00   88   0  8 0 0  0  0 |  1.279e+15  1.544e+16  1.544e+16  1.798e+17     0        - -
  42  1  2.046e+16 4.633e+14  434  458 CRUISE 2 176  16  64   2  424 |  88.00   88   0  8 0 0  0  0 |  1.279e+15  1.547e+16  1.547e+16  1.835e+17     0        - -
  43  1  2.046e+16 4.642e+14  434  459 CRUISE 2 176  16  64   2  424 |  88.00   88   0  8 0 0  0  0 |  1.279e+15  1.550e+16  1.550e+16  1.872e+17     0        - -
  44  1  2.047e+16 4.651e+14  434  459 CRUISE 2 176  16  64   2  424 |  88.00   88   0  8 0 0  0  0 |  1.279e+15  1.553e+16  1.553e+16  1.908e+17     0        - -
  45  1  2.047e+16 4.660e+14  434  459 CRUISE 2 176  16  64   2  424 |  88.00   88   0  8 0 0  0  0 |  1.279e+15  1.556e+16  1.556e+16  1.945e+17     0        - -
  46  1  2.047e+16 4.668e+14  434  459 CRUISE 2 176  16  64   2  424 |  88.00   88   0  8 0 0  0  0 |  1.279e+15  1.559e+16  1.559e+16  1.981e+17     0        - -
  47  1  2.047e+16 4.677e+14  434  459 CRUISE 2 176  16  64   2  424 |  88.00   88   0  8 0 0  0  0 |  1.279e+15  1.562e+16  1.562e+16  2.016e+17     0        - -
  48  1  2.047e+16 4.686e+14  434  460 CRUISE 2 176  16  64   2  424 |  88.00   88   0  8 0 0  0  0 |  1.279e+15  1.565e+16  1.565e+16  2.052e+17     0        - -
  49  1  2.047e+16 4.694e+14  434  460 CRUISE 2 176  16  64   2  424 |  88.00   88   0  8 0 0  0  0 |  1.279e+15  1.568e+16  1.568e+16  2.087e+17     0        - -
  50  1  2.047e+16 4.703e+14  434  460 CRUISE 3 184   8  64   2  416 |  88.00   88   0  8 0 0  0  0 |  6.397e+14  1.634e+16  1.634e+16  2.122e+17     0        - tierup
  51  1  2.049e+16 4.903e+14  434  460 CRUISE 3 184   8  64   2  416 |  88.00   88   0  8 0 0  0  0 |  6.403e+14  1.638e+16  1.638e+16  2.156e+17     0        - -
  52  1  2.049e+16 4.915e+14  434  460 CRUISE 3 184   8  64   2  416 |  88.00   88   0  8 0 0  0  0 |  6.404e+14  1.641e+16  1.641e+16  2.191e+17     0        - -
  53  1  2.049e+16 4.924e+14  434  461 CRUISE 3 184   8  64   2  416 |  88.00   88   0  8 0 0  0  0 |  6.404e+14  1.644e+16  1.644e+16  2.225e+17     0        - -
  54  1  2.049e+16 4.932e+14  434  461 CRUISE 3 184   8  64   2  416 |  88.00   88   0  8 0 0  0  0 |  6.404e+14  1.647e+16  1.647e+16  2.259e+17     0        - -
  55  1  2.049e+16 4.940e+14  434  461 CRUISE 3 184   8  64   2  416 |  88.00   88   0  8 0 0  0  0 |  6.404e+14  1.649e+16  1.649e+16  2.292e+17     0        - -
  56  1  2.049e+16 4.948e+14  434  461 CRUISE 3 184   8  64   2  416 |  88.00   88   0  8 0 0  0  0 |  6.405e+14  1.652e+16  1.652e+16  2.326e+17     0        - -
  57  1  2.050e+16 4.956e+14  434  461 CRUISE 3 184   8  64   2  416 |  88.00   88   0  8 0 0  0  0 |  6.405e+14  1.655e+16  1.655e+16  2.359e+17     0        - -
  58  1  2.050e+16 4.964e+14  434  462 CRUISE 3 184   8  64   2  416 |  88.00   88   0  8 0 0  0  0 |  6.405e+14  1.657e+16  1.657e+16  2.392e+17     0        - -
  59  1  2.050e+16 4.972e+14  434  462 CRUISE 3 184   8  64   2  416 |  88.00   88   0  8 0 0  0  0 |  6.405e+14  1.660e+16  1.660e+16  2.424e+17     0        - -
  60  1  2.050e+16 4.980e+14  434  462 CRUISE 3 184   8  64   2  416 |  88.00   88   0  8 0 0  0  0 |  6.406e+14  1.663e+16  1.663e+16  2.456e+17     0        - -
  61  1  1.000e+22         0  585    0 CRUISE 3 192   0  64   2  416 |  70.00   70   0  8 3 0  0  0 |          0  7.500e+21  7.500e+21  2.500e+21     0   shrunk regime,warm
  62  1  8.568e+22 7.568e+22  610  569 CRUISE 3 192   0  64   2  416 |  95.00   95   0  8 2 0  0  0 |          0  6.428e+22  6.428e+22  2.390e+22     0   shrunk warm
  63  1  8.472e+22 7.472e+22  609  595 CRUISE 3 192   0  64   2  416 |  94.75   95   1  8 1 0  0  0 |          0  6.373e+22  6.373e+22  4.489e+22     0        - warm
  64  1  1.555e+22 5.554e+21  590  602 CRUISE 3 192   0  64   2  416 |  91.75   94   3  8 0 0  0  0 |          0  1.202e+22  1.202e+22  4.843e+22     0        - dip,warm
  65  1  1.000e+22         0  585  603 CRUISE 3 192   0  64   2  416 |  88.75   94   6  8 0 0  0  0 |          0  7.878e+21  7.878e+21  5.055e+22     0        - dip
  66  1  1.000e+22         0  585  603 CRUISE 3 192   0  64   2  416 |  85.75   94   9  8 0 0  0  0 |          0  7.895e+21  7.895e+21  5.266e+22     0        - dip
  67  1  1.000e+22         0  585  604 CRUISE 3 192   0  64   2  416 |  82.75   94  12  8 0 0  0  0 |          0  7.911e+21  7.911e+21  5.475e+22     0        - dip
  68  1  1.000e+22         0  585  604 CRUISE 3 192   0  64   2  416 |  79.75   93  14  8 0 0  0  0 |          0  7.928e+21  7.928e+21  5.682e+22     0        - dip
  69  1  1.000e+22         0  585  605 DEFEND 3 256   0   0  32  416 |  77.25   93  16  8 0 0  0  3 |          0  1.710e+22  1.710e+22  4.972e+22     0        - dip,release
  70  1  1.000e+22         0  585  603 DEFEND 3 256   0   0  36  416 |  75.25   93  18  8 0 0  0  2 |          0  1.699e+22  1.699e+22  4.273e+22     0        - release
  71  1  1.000e+22         0  585  602 DEFEND 3 256   0   0  40  416 |  73.75   93  20  8 0 0  0  1 |          0  1.668e+22  1.668e+22  3.605e+22     0        - release
  72  1  1.000e+22         0  585  600 DEFEND 3 256   0   0  40  416 |  72.75   92  20  8 0 0  0  0 |          0  1.563e+22  1.563e+22  3.042e+22     0        - release
  73  1  1.000e+22         0  585  597   REST 3 192   0  64   2  416 |  72.00   92  20  8 0 0  5  0 |          0  7.738e+21  7.738e+21  3.268e+22     0        - cooldown
  74  1  1.000e+22         0  585  598   REST 3 192   0  64   2  416 |  71.50   92  21  8 0 0  4  0 |          0  7.755e+21  7.755e+21  3.492e+22     0        - cooldown
  75  1  1.000e+22         0  585  599   REST 3 192   0  64   2  416 |  71.00   92  21  8 0 0  3  0 |          0  7.773e+21  7.773e+21  3.715e+22     0        - cooldown
  76  1  1.000e+22         0  585  600   REST 3 192   0  64   2  416 |  70.75   91  21  8 0 0  2  0 |          0  7.790e+21  7.790e+21  3.936e+22     0        - cooldown
  77  1  1.000e+22         0  585  601   REST 3 192   0  64   2  416 |  70.50   91  21  8 0 0  1  0 |          0  7.808e+21  7.808e+21  4.155e+22     0        - cooldown
  78  1  1.000e+22         0  585  601   REST 3 192   0  64   2  416 |  70.25   91  21  8 0 0  0  0 |          0  7.825e+21  7.825e+21  4.373e+22     0        - cooldown
  79  1  1.000e+22         0  585  602 DEFEND 3 256   0   0  42  416 |  70.00   91  21  8 0 0  0  3 |          0  1.717e+22  1.717e+22  3.655e+22     0        - release
  80  1  1.000e+22         0  585  600 DEFEND 3 256   0   0  40  416 |  70.00   90  20  8 0 0  0  2 |          0  1.571e+22  1.571e+22  3.084e+22     0        - release
  81  1  1.000e+22         0  585  598 DEFEND 3 256   0   0  40  416 |  70.00   90  20  8 0 0  0  1 |          0  1.482e+22  1.482e+22  2.602e+22     0        - release
  82  1  1.000e+22         0  585  596 DEFEND 3 256   0   0  40  416 |  70.00   90  20  8 0 0  0  0 |          0  1.407e+22  1.407e+22  2.196e+22     0        - release
  83  1  1.000e+22         0  585  594   REST 3 192   0  64   2  416 |  70.00   90  20  8 0 0  5  0 |          0  7.672e+21  7.672e+21  2.429e+22     0        - cooldown
  84  1  1.000e+22         0  585  595   REST 3 192   0  64   2  416 |  70.00   89  19  8 0 0  4  0 |          0  7.690e+21  7.690e+21  2.660e+22     0        - cooldown
  85  1  1.000e+22         0  585  596   REST 3 192   0  64   2  416 |  70.00   89  19  8 0 0  3  0 |          0  7.708e+21  7.708e+21  2.889e+22     0        - cooldown
  86  1  1.000e+22         0  585  597   REST 3 192   0  64   2  416 |  70.00   89  19  8 0 0  2  0 |          0  7.726e+21  7.726e+21  3.116e+22     0        - cooldown
  87  1  1.000e+22         0  585  598   REST 3 192   0  64   2  416 |  70.00   89  19  8 0 0  1  0 |          0  7.743e+21  7.743e+21  3.342e+22     0        - cooldown
  88  1  1.000e+22         0  585  599   REST 3 192   0  64   2  416 |  70.00   88  18  8 0 0  0  0 |          0  7.761e+21  7.761e+21  3.566e+22     0        - cooldown
  89  1  1.000e+22         0  585  600 DEFEND 3 256   0   0  36  416 |  70.00   88  18  8 0 0  0  3 |          0  1.501e+22  1.501e+22  3.064e+22     0        - release
  90  1  1.000e+22         0  585  597 DEFEND 3 256   0   0  36  416 |  70.00   88  18  8 0 0  0  2 |          0  1.431e+22  1.431e+22  2.633e+22     0        - release
  91  1  1.000e+22         0  585  596 DEFEND 3 256   0   0  36  416 |  70.00   88  18  8 0 0  0  1 |          0  1.370e+22  1.370e+22  2.263e+22     0        - release
  92  1  1.000e+22         0  585  594 DEFEND 3 256   0   0  34  416 |  70.00   87  17  8 0 0  0  0 |          0  1.301e+22  1.301e+22  1.963e+22     0        - release
  93  1  1.000e+22         0  585  593   REST 3 192   0  64   2  416 |  70.00   87  17  8 0 0  5  0 |          0  7.653e+21  7.653e+21  2.197e+22     0        - cooldown
  94  1  1.000e+22         0  585  594   REST 3 192   0  64   2  416 |  70.00   87  17  8 0 0  4  0 |          0  7.672e+21  7.672e+21  2.430e+22     0        - cooldown
  95  1  1.000e+22         0  585  595   REST 3 192   0  64   2  416 |  70.00   87  17  8 0 0  3  0 |          0  7.690e+21  7.690e+21  2.661e+22     0        - cooldown
  96  1  1.000e+22         0  585  596   REST 3 192   0  64   2  416 |  70.00   86  16  8 0 0  2  0 |          0  7.708e+21  7.708e+21  2.890e+22     0        - cooldown
  97  1  1.000e+22         0  585  597   REST 3 192   0  64   2  416 |  70.00   86  16  8 0 0  1  0 |          0  7.726e+21  7.726e+21  3.118e+22     0        - cooldown
  98  1  1.000e+22         0  585  598   REST 3 192   0  64   2  416 |  70.00   86  16  8 0 0  0  0 |          0  7.744e+21  7.744e+21  3.343e+22     0        - cooldown
  99  1  1.000e+22         0  585  599 DEFEND 3 256   0   0  32  416 |  70.00   86  16  8 0 0  0  3 |          0  1.418e+22  1.418e+22  2.925e+22     0        - release
 100  1  1.000e+22         0  585  597 DEFEND 3 256   0   0  32  416 |  70.00   85  15  8 0 0  0  2 |          0  1.366e+22  1.366e+22  2.560e+22     0        - release
 101  1  1.000e+22         0  585  595 DEFEND 3 256   0   0  32  416 |  70.00   85  15  8 0 0  0  1 |          0  1.320e+22  1.320e+22  2.240e+22     0        - release
 102  1  1.000e+22         0  585  594 DEFEND 3 256   0   0  32  416 |  70.00   85  15  8 0 0  0  0 |          0  1.280e+22  1.280e+22  1.960e+22     0        - release
 103  1  1.000e+22         0  585  593   REST 3 192   0  64   2  416 |  70.00   85  15  8 0 0  5  0 |          0  7.653e+21  7.653e+21  2.194e+22     0        - cooldown
 104  1  1.000e+22         0  585  594   REST 3 192   0  64   2  416 |  70.00   84  14  8 0 0  4  0 |          0  7.671e+21  7.671e+21  2.427e+22     0        - cooldown
 105  1  1.000e+22         0  585  595   REST 3 192   0  64   2  416 |  70.00   84  14  8 0 0  3  0 |          0  7.690e+21  7.690e+21  2.658e+22     0        - cooldown
 106  1  1.000e+22         0  585  596   REST 3 192   0  64   2  416 |  70.00   84  14  8 0 0  2  0 |          0  7.708e+21  7.708e+21  2.888e+22     0        - cooldown
 107  1  1.000e+22         0  585  597   REST 3 192   0  64   2  416 |  70.00   84  14  8 0 0  1  0 |          0  7.726e+21  7.726e+21  3.115e+22     0        - cooldown
 108  1  1.000e+22         0  585  598   REST 3 192   0  64   2  416 |  70.00   83  13  8 0 0  0  0 |          0  7.743e+21  7.743e+21  3.341e+22     0        - cooldown
 109  1  1.000e+22         0  585  599 CRUISE 3 192   0  64   2  416 |  70.00   83  13  8 0 0  0  0 |          0  7.761e+21  7.761e+21  3.565e+22     0        - -
 110  1  1.000e+22         0  585  600 CRUISE 3 192   0  64   2  416 |  70.00   83  13  8 0 0  0  0 |          0  7.778e+21  7.778e+21  3.787e+22     0        - -
 111  1  1.000e+22         0  585  601 CRUISE 3 192   0  64   2  416 |  70.00   83  13  8 0 0  0  0 |          0  7.796e+21  7.796e+21  4.007e+22     0        - -
 112  1  1.000e+22         0  585  601 CRUISE 3 192   0  64   2  416 |  70.00   82  12  8 0 0  0  0 |          0  7.813e+21  7.813e+21  4.226e+22     0        - -
 113  1  1.000e+22         0  585  601 CRUISE 3 192   0  64   2  416 |  70.00   82  12  8 0 0  0  0 |          0  7.830e+21  7.830e+21  4.443e+22     0        - -
 114  1  1.000e+22         0  585  602 CRUISE 3 192   0  64   2  416 |  70.00   82  12  8 0 0  0  0 |          0  7.847e+21  7.847e+21  4.658e+22     0        - -
 115  1  1.000e+22         0  585  602 CRUISE 3 192   0  64   2  416 |  70.00   82  12  8 0 0  0  0 |          0  7.864e+21  7.864e+21  4.872e+22     0        - -
 116  1  1.000e+22         0  585  603 CRUISE 3 192   0  64   2  416 |  70.00   81  11  8 0 0  0  0 |          0  7.881e+21  7.881e+21  5.084e+22     0        - -
 117  1  1.000e+22         0  585  603 CRUISE 3 192   0  64   2  416 |  70.00   81  11  8 0 0  0  0 |          0  7.897e+21  7.897e+21  5.294e+22     0        - -
 118  1  1.000e+22         0  585  604 CRUISE 3 192   0  64   2  416 |  70.00   81  11  8 0 0  0  0 |          0  7.914e+21  7.914e+21  5.503e+22     0        - -
 119  1  1.000e+22         0  585  604 CRUISE 3 192   0  64   2  416 |  70.00   81  11  8 0 0  0  0 |          0  7.930e+21  7.930e+21  5.710e+22     0        - -
 120  1  1.000e+22         0  585  605 CRUISE 3 192   0  64   2  416 |  70.00   80  10  8 0 0  0  0 |          0  7.946e+21  7.946e+21  5.915e+22     0        - -
 121  1          0         0    0  605 CRUISE 3 192   0  64   2  416 |  67.00   80  13  7 0 0  0  0 |          0  4.621e+20  4.621e+20  5.869e+22     0        - dip,quiet
 122  1          0         0    0  605 DEFEND 3 256   0   0  32  416 |  64.00   80  16  6 0 0  0  3 |          0  7.336e+21  7.336e+21  5.135e+22     0        - dip,quiet,release
 123  1          0         0    0  603 DEFEND 3 256   0   0  38  416 |  61.00   80  19  5 0 0  0  2 |          0  7.623e+21  7.623e+21  4.373e+22     0        - dip,quiet,release
 124  1          0         0    0  602 DEFEND 3 256   0   0  42  416 |  58.00   79  21  4 0 0  0  1 |          0  7.174e+21  7.174e+21  3.656e+22     0        - dip,quiet,release
 125  1          0         0    0  600 DEFEND 3 256   0   0  48  416 |  55.00   79  24  3 0 0  0  0 |          0  6.854e+21  6.854e+21  2.970e+22     0        - dip,quiet,release
 126  1          0         0    0  597   REST 3 192   0  64   2  416 |  52.00   79  27  2 0 0  5  0 |          0  2.320e+20  2.320e+20  2.947e+22     0        - dip,quiet,cooldown
 127  1          0         0    0  597   REST 3 192   0  64   2  416 |  49.00   79  30  1 0 0  4  0 |          0  2.302e+20  2.302e+20  2.924e+22     0        - dip,quiet,cooldown
 128  1          0         0    0  597   REST 3 192   0  64   2  416 |  46.00   78  32  0 0 0  3  0 |          0  2.284e+20  2.284e+20  2.901e+22     0        - dip,quiet,cooldown
 129  1          0         0    0  597   REST 3 192   0  64   2  416 |  43.00   78  35  0 0 0  2  0 |          0  2.266e+20  2.266e+20  2.878e+22     0        - quiet,cooldown
 130  1          0         0    0  597   REST 3 192   0  64   2  416 |  40.00   78  38  0 0 0  1  0 |          0  2.249e+20  2.249e+20  2.856e+22     0        - quiet,cooldown
 131  1          0         0    0  597   REST 3 192   0  64   2  416 |  37.00   78  41  0 0 0  0  0 |          0  2.231e+20  2.231e+20  2.834e+22     0        - quiet,cooldown
 132  1          0         0    0  597 DEFEND 3 256   0   0  64  416 |  34.00   77  43  0 0 0  0  3 |          0  7.084e+21  7.084e+21  2.125e+22     0        - quiet,release
 133  1          0         0    0  594 DEFEND 3 256   0   0  64  416 |  31.00   77  46  0 0 0  0  2 |          0  5.313e+21  5.313e+21  1.594e+22     0        - quiet,release
 134  1          0         0    0  590 DEFEND 3 256   0   0  64  416 |  28.00   77  49  0 0 0  0  1 |          0  3.985e+21  3.985e+21  1.195e+22     0        - quiet,release
 135  1          0         0    0  587 DEFEND 3 256   0   0  64  416 |  25.00   77  52  0 0 0  0  0 |          0  2.989e+21  2.989e+21  8.966e+21     0        - quiet,release
 136  1          0         0    0  584   REST 3 192   0  64   2  416 |  22.00   76  54  0 0 0  5  0 |          0  7.004e+19  7.004e+19  8.896e+21     0        - quiet,cooldown
 137  1          0         0    0  584   REST 3 192   0  64   2  416 |  19.00   76  57  0 0 0  4  0 |          0  6.950e+19  6.950e+19  8.826e+21     0        - quiet,cooldown
 138  1          0         0    0  583   REST 3 192   0  64   2  416 |  16.00   76  60  0 0 0  3  0 |          0  6.895e+19  6.895e+19  8.757e+21     0        - quiet,cooldown
 139  1          0         0    0  583   REST 3 192   0  64   2  416 |  13.00   76  63  0 0 0  2  0 |          0  6.842e+19  6.842e+19  8.689e+21     0        - quiet,cooldown
 140  1          0         0    0  583   REST 3 192   0  64   2  416 |  10.00   75  65  0 0 0  1  0 |          0  6.788e+19  6.788e+19  8.621e+21     0        - quiet,cooldown
 141  1          0         0    0  583   REST 3 192   0  64   2  416 |   7.50   75  68  0 0 0  0  0 |          0  6.735e+19  6.735e+19  8.553e+21     0        - quiet,cooldown
 142  1          0         0    0  583 DEFEND 3 256   0   0  64  416 |   5.50   75  70  0 0 0  0  3 |          0  2.138e+21  2.138e+21  6.415e+21     0        - quiet,release
 143  1          0         0    0  579 DEFEND 3 256   0   0  64  416 |   4.00   75  71  0 0 0  0  2 |          0  1.604e+21  1.604e+21  4.811e+21     0        - quiet,release
 144  1          0         0    0  577 DEFEND 3 256   0   0  64  416 |   3.00   74  71  0 0 0  0  1 |          0  1.203e+21  1.203e+21  3.608e+21     0        - quiet,release
 145  1          0         0    0  573 DEFEND 3 256   0   0  64  416 |   2.25   74  72  0 0 0  0  0 |          0  9.021e+20  9.021e+20  2.706e+21     0        - quiet,release
 146  1          0         0    0  570   REST 3 192   0  64   2  416 |   1.50   74  73  0 0 0  5  0 |          0  2.114e+19  2.114e+19  2.685e+21     0        - quiet,cooldown
 147  1          0         0    0  570   REST 3 192   0  64   2  416 |   1.00   74  73  0 0 0  4  0 |          0  2.098e+19  2.098e+19  2.664e+21     0        - quiet,cooldown
 148  1          0         0    0  570   REST 3 192   0  64   2  416 |   0.75   73  73  0 0 0  3  0 |          0  2.081e+19  2.081e+19  2.643e+21     0        - quiet,cooldown
 149  1          0         0    0  569   REST 3 192   0  64   2  416 |   0.50   73  73  0 0 0  2  0 |          0  2.065e+19  2.065e+19  2.623e+21     0        - quiet,cooldown
 150  1          0         0    0  569   REST 3 192   0  64   2  416 |   0.25   73  73  0 0 0  1  0 |          0  2.049e+19  2.049e+19  2.602e+21     0        - quiet,cooldown
 151  1          0         0    0  569   REST 3 192   0  64   2  416 |   0.00   73  73  0 0 0  0  0 |          0  2.033e+19  2.033e+19  2.582e+21     0        - quiet,cooldown
 152  1          0         0    0  569 DEFEND 3 256   0   0  64  416 |   0.00   72  72  0 0 0  0  3 |          0  6.455e+20  6.455e+20  1.936e+21     0        - quiet,release
 153  1          0         0    0  566 DEFEND 3 256   0   0  64  416 |   0.00   72  72  0 0 0  0  2 |          0  4.841e+20  4.841e+20  1.452e+21     0        - quiet,release
 154  1          0         0    0  562 DEFEND 3 256   0   0  64  416 |   0.00   72  72  0 0 0  0  1 |          0  3.631e+20  3.631e+20  1.089e+21     0        - quiet,release
 155  1          0         0    0  559 DEFEND 3 256   0   0  64  416 |   0.00   72  72  0 0 0  0  0 |          0  2.723e+20  2.723e+20  8.169e+20     0        - quiet,release
 156  1          0         0    0  556   REST 3 192   0  64   2  416 |   0.00   71  71  0 0 0  5  0 |          0  6.382e+18  6.382e+18  8.106e+20     0        - quiet,cooldown
 157  1          0         0    0  555   REST 3 192   0  64   2  416 |   0.00   71  71  0 0 0  4  0 |          0  6.333e+18  6.333e+18  8.042e+20     0        - quiet,cooldown
 158  1          0         0    0  555   REST 3 192   0  64   2  416 |   0.00   71  71  0 0 0  3  0 |          0  6.283e+18  6.283e+18  7.980e+20     0        - quiet,cooldown
 159  1          0         0    0  555   REST 3 192   0  64   2  416 |   0.00   71  71  0 0 0  2  0 |          0  6.234e+18  6.234e+18  7.917e+20     0        - quiet,cooldown
 160  1          0         0    0  555   REST 3 192   0  64   2  416 |   0.00   70  70  0 0 0  1  0 |          0  6.185e+18  6.185e+18  7.855e+20     0        - quiet,cooldown
 161  1  1.000e+22         0  585  555   REST 3 192   0  64   2  416 |  70.00   70   0  8 3 0  0  0 |          0  7.506e+21  7.506e+21  3.279e+21     0        - cooldown,warm
 162  1  1.000e+22         0  585  572 CRUISE 3 192   0  64   2  416 |  70.00   70   0  8 2 0  0  0 |          0  7.526e+21  7.526e+21  5.754e+21     0        - warm
 163  1  1.000e+22         0  585  578 CRUISE 3 192   0  64   2  416 |  70.00   70   0  8 1 0  0  0 |          0  7.545e+21  7.545e+21  8.209e+21     0        - warm
 164  1  1.000e+22         0  585  582 CRUISE 3 192   0  64   2  416 |  70.00   70   0  8 0 0  0  0 |          0  7.564e+21  7.564e+21  1.064e+22     0        - warm
 165  1  1.000e+22         0  585  586 CRUISE 3 192   0  64   2  416 |  70.00   70   0  8 0 0  0  0 |          0  7.583e+21  7.583e+21  1.306e+22     0        - -
 166  1  1.000e+22         0  585  588 CRUISE 3 192   0  64   2  416 |  70.00   70   0  8 0 0  0  0 |          0  7.602e+21  7.602e+21  1.546e+22     0        - -
 167  1  1.000e+22         0  585  590 CRUISE 3 192   0  64   2  416 |  70.00   70   0  8 0 0  0  0 |          0  7.621e+21  7.621e+21  1.784e+22     0        - -
 168  1  1.000e+22         0  585  592 CRUISE 3 192   0  64   2  416 |  70.00   70   0  8 0 0  0  0 |          0  7.639e+21  7.639e+21  2.020e+22     0        - -
 169  1  1.000e+22         0  585  593 CRUISE 3 192   0  64   2  416 |  70.00   70   0  8 0 0  0  0 |          0  7.658e+21  7.658e+21  2.254e+22     0        - -
 170  1  1.000e+22         0  585  594 CRUISE 3 192   0  64   2  416 |  70.00   70   0  8 0 0  0  0 |          0  7.676e+21  7.676e+21  2.487e+22     0        - -
 171  1  1.000e+22         0  585  595 CRUISE 3 192   0  64   2  416 |  70.00   70   0  8 0 0  0  0 |          0  7.694e+21  7.694e+21  2.717e+22     0        - -
 172  1  1.000e+22         0  585  596 CRUISE 3 192   0  64   2  416 |  70.00   70   0  8 0 0  0  0 |          0  7.712e+21  7.712e+21  2.946e+22     0        - -
 173  1  1.000e+22         0  585  597 CRUISE 3 192   0  64   2  416 |  70.00   70   0  8 0 0  0  0 |          0  7.730e+21  7.730e+21  3.173e+22     0        - -
 174  1  1.000e+22         0  585  598 CRUISE 3 192   0  64   2  416 |  70.00   70   0  8 0 0  0  0 |          0  7.748e+21  7.748e+21  3.398e+22     0        - -
 175  1  1.000e+22         0  585  599 CRUISE 3 192   0  64   2  416 |  70.00   70   0  8 0 0  0  0 |          0  7.765e+21  7.765e+21  3.622e+22     0        - -
 176  1  1.000e+22         0  585  600 CRUISE 3 192   0  64   2  416 |  70.00   70   0  8 0 0  0  0 |          0  7.783e+21  7.783e+21  3.843e+22     0        - -
 177  1  1.000e+22         0  585  601 CRUISE 3 192   0  64   2  416 |  70.00   70   0  8 0 0  0  0 |          0  7.800e+21  7.800e+21  4.063e+22     0        - -
 178  1  1.000e+22         0  585  601 CRUISE 3 192   0  64   2  416 |  70.00   70   0  8 0 0  0  0 |          0  7.817e+21  7.817e+21  4.281e+22     0        - -
 179  1  1.000e+22         0  585  602 CRUISE 3 192   0  64   2  416 |  70.00   70   0  8 0 0  0  0 |          0  7.834e+21  7.834e+21  4.498e+22     0        - -
 180  1  1.000e+22         0  585  602 CRUISE 3 192   0  64   2  416 |  70.00   70   0  8 0 0  0  0 |          0  7.851e+21  7.851e+21  4.713e+22     0        - -
 181  1  1.000e+22         0  585  602 CRUISE 3 192   0  64   2  416 |  70.00   70   0  8 0 0  0  0 |          0  7.868e+21  7.868e+21  4.926e+22     0        - -
 182  1  1.000e+22         0  585  603 CRUISE 3 192   0  64   2  416 |  70.00   70   0  8 0 0  0  0 |          0  7.885e+21  7.885e+21  5.138e+22     0        - -
 183  1  1.000e+22         0  585  603 CRUISE 3 192   0  64   2  416 |  70.00   70   0  8 0 0  0  0 |          0  7.901e+21  7.901e+21  5.347e+22     0        - -
 184  1  1.000e+22         0  585  604 CRUISE 3 192   0  64   2  416 |  70.00   70   0  8 0 0  0  0 |          0  7.918e+21  7.918e+21  5.556e+22     0        - -
 185  1  1.000e+22         0  585  604 CRUISE 3 192   0  64   2  416 |  70.00   70   0  8 0 0  0  0 |          0  7.934e+21  7.934e+21  5.762e+22     0        - -
 186  1  1.000e+22         0  585  605 CRUISE 3 192   0  64   2  416 |  70.00   70   0  8 0 0  0  0 |          0  7.950e+21  7.950e+21  5.967e+22     0        - -
 187  1  1.000e+22         0  585  605 CRUISE 3 192   0  64   2  416 |  70.00   70   0  8 0 0  0  0 |          0  7.966e+21  7.966e+21  6.171e+22     0        - -
 188  1  1.000e+22         0  585  606 CRUISE 3 192   0  64   2  416 |  70.00   70   0  8 0 0  0  0 |          0  7.982e+21  7.982e+21  6.372e+22     0        - -
 189  1  1.000e+22         0  585  606 CRUISE 3 192   0  64   2  416 |  70.00   70   0  8 0 0  0  0 |          0  7.998e+21  7.998e+21  6.573e+22     0        - -
 190  1  1.000e+22         0  585  606 CRUISE 3 192   0  64   2  416 |  70.00   70   0  8 0 0  0  0 |          0  8.013e+21  8.013e+21  6.771e+22     0        - -

graduation             ep  190 settles  190  in 1.056e+24  allow   0.0%  bought  93.6%  left   6.4%  maxRes   8.3 ep  tier 3  clamp 0  {'CRUISE': 110, 'DEFEND': 32, 'REST': 48}  [echo 14.8%; buys shrunk 2 skipped 0]
                       on the curve: in 1.200e+18  allow   6.2%  bought  73.3%  to the pot  20.5%  maxRes  12.3 ep
                       native pot: 2.275e+18 wei in (2.029e+18 is the tax of the graduating buy), 2.275e+18 spent in 3 router buys, 0 left
