The 'noisy' flow settled at irregular gaps of 1..40 epochs (DT saturates at 15).

  ep dt     inflow      echo  TAX  RES   mode T buy alw res REL CEIL |      A   PK  dd LV W S CD TR |      allow    decided     bought    reserve clamp   kernel flags
----------------------------------------------------------------------------------------------------------------------------------------------------------------------
   3  3  1.039e+16         0  426    0 CRUISE 1 160  32  64   6  432 |  67.00   67   0  8 3 0  0  0 |  1.298e+15  6.491e+15  6.491e+15  2.596e+15     0        - tierup,warm
   6  3  1.291e+16 1.947e+14  428  410 CRUISE 1 160  32  64   6  432 |  69.00   69   0  8 0 0  0  0 |  1.614e+15  8.132e+15  8.132e+15  5.764e+15     0        - warm
  28 15  1.054e+17 2.440e+14  452  419 CRUISE 2 176  16  64  30  424 |  75.00   75   0  8 0 0  0  0 |  6.590e+15  7.317e+16  7.317e+16  3.145e+16     0        - tierup
  50 15  1.342e+17 2.195e+15  455  438 CRUISE 2 176  16  64  30  424 |  78.00   78   0  8 0 0  0  0 |  8.386e+15  9.593e+16  9.593e+16  6.131e+16     0        - -
  51  1  4.342e+15 2.878e+15  416  446 CRUISE 2 176  16  64   2  424 |  76.00   78   2  8 0 0  0  0 |  2.714e+14  3.464e+15  3.464e+15  6.191e+16     0        - dip
  73 15  2.011e+17 1.039e+14  460  446 CRUISE 2 176  16  64  30  424 |  83.00   83   0  8 0 0  0  0 |  8.444e+15  1.455e+17  1.455e+17  1.091e+17     0        - -
  75  2  8.420e+15 4.366e+15  423  453 CRUISE 2 176  16  64   4  424 |  77.00   83   6  8 0 0  0  0 |  5.263e+14  7.493e+15  7.493e+15  1.095e+17     0        - dip
  97 15  9.864e+16 2.248e+14  451  453 CRUISE 2 176  16  64  30  424 |  74.00   79   5  8 0 0  0  0 |  6.165e+15  8.064e+16  8.064e+16  1.213e+17     0        - -
  98  1  3.168e+16 2.419e+15  439  454 CRUISE 2 176  16  64   2  424 |  78.75   79   1  8 0 1  0  0 |  1.980e+15  2.273e+16  2.273e+16  1.283e+17     0        - surge
 100  2  1.433e+15 6.819e+14  403  455 CRUISE 2 176  16  64   4  424 |  72.75   78   6  8 0 0  0  0 |  8.958e+13  2.990e+15  2.990e+15  1.266e+17     0        - dip
 122 15  1.969e+17 8.969e+13  459  455 CRUISE 2 176  16  64  30  424 |  82.00   82   0  8 0 0  0  0 |  8.444e+15  1.502e+17  1.502e+17  1.649e+17     0        - -
 162 15  3.151e+17 4.506e+15  465  458 CRUISE 3 184   8  64  30  416 |  88.00   88   0  8 0 0  0  0 |  4.222e+15  2.458e+17  2.458e+17  2.300e+17     0        - tierup
 163  1  7.375e+15 7.375e+15  422  461 CRUISE 3 184   8  64   2  416 |  85.00   88   3  8 0 0  0  0 |  2.305e+14  7.097e+15  7.097e+15  2.300e+17     0        - dip
 164  1  3.996e+16 2.129e+14  441  461 CRUISE 3 184   8  64   2  416 |  87.50   87   0  8 0 0  0  0 |  1.249e+15  3.052e+16  3.052e+16  2.382e+17     0        - -
 165  1  9.155e+14 9.155e+14  398  462 CRUISE 3 184   8  64   2  416 |  84.50   87   3  8 0 0  0  0 |  2.861e+13  2.519e+15  2.519e+15  2.366e+17     0        - dip
 180 15  1.329e+17 7.557e+13  455  462 CRUISE 3 184   8  64  30  416 |  78.00   83   5  8 0 0  0  0 |  4.153e+15  1.233e+17  1.233e+17  2.421e+17     0        - -
 182  2  9.692e+16 3.698e+15  451  462   BANK 3 100   4 152   4  416 |  87.50   87   0  8 0 2  0  0 |  1.514e+15  4.164e+16  4.164e+16  2.958e+17     0        - surge
 222 15  3.727e+17 1.249e+15  467  465 CRUISE 3 184   8  64  30  416 |  90.00   90   0  8 0 0  0  0 |  4.222e+15  3.026e+17  3.026e+17  3.618e+17     0        - -
 225  3  2.226e+16 9.077e+15  434  467 CRUISE 3 184   8  64   6  416 |  82.50   89   7  8 0 0  0  0 |  6.956e+14  2.448e+16  2.448e+16  3.589e+17     0        - dip
 226  1  2.765e+15 7.343e+14  410  466 CRUISE 3 184   8  64   2  416 |  79.50   89  10  8 0 0  0  0 |  8.642e+13  4.791e+15  4.791e+15  3.568e+17     0        - dip
 235  9  9.676e+16 1.437e+14  451  466 CRUISE 3 184   8  64  18  416 |  80.00   87   7  8 0 0  0  0 |  3.024e+15  9.463e+16  9.463e+16  3.559e+17     0        - -
 236  1  2.324e+16 2.839e+15  435  466 CRUISE 3 184   8  64   2  416 |  82.25   87   5  8 0 0  0  0 |  7.261e+14  1.948e+16  1.948e+16  3.589e+17     0        - -
 258 15  1.752e+17 5.844e+14  458  466 CRUISE 3 184   8  64  30  416 |  81.00   83   2  8 0 0  0  0 |  4.222e+15  1.680e+17  1.680e+17  3.619e+17     0        - -
 274 15  6.794e+16 5.040e+15  448  467 CRUISE 3 184   8  64  30  416 |  71.00   79   8  8 0 0  0  0 |  2.123e+15  9.124e+16  9.124e+16  3.365e+17     0        - dip
 275  1  3.289e+15 2.737e+15  412  466 CRUISE 3 184   8  64   2  416 |  69.75   79  10  8 0 0  0  0 |  1.028e+14  4.993e+15  4.993e+15  3.347e+17     0        - -
 278  3  1.236e+16 1.498e+14  427  466 CRUISE 3 184   8  64   6  416 |  68.75   78  10  8 0 0  0  0 |  3.863e+14  1.673e+16  1.673e+16  3.299e+17     0        - -
 279  1  2.364e+15 5.018e+14  409  466 CRUISE 3 184   8  64   2  416 |  67.25   78  11  8 0 0  0  0 |  7.387e+13  4.276e+15  4.276e+15  3.279e+17     0        - -
 280  1  5.517e+15 1.283e+14  418  466 CRUISE 3 184   8  64   2  416 |  68.25   78  10  8 0 0  0  0 |  1.724e+14  6.527e+15  6.527e+15  3.267e+17     0        - -
 283  3  1.477e+16 1.958e+14  430  466 CRUISE 3 184   8  64   6  416 |  69.50   77   8  8 0 0  0  0 |  4.615e+14  1.827e+16  1.827e+16  3.228e+17     0        - -
 297 14  1.469e+17 5.482e+14  457  465 CRUISE 3 184   8  64  28  416 |  81.00   81   0  8 0 0  0  0 |  4.222e+15  1.409e+17  1.409e+17  3.246e+17     0        - -
 337 15  5.782e+17 4.226e+15  473  466   BANK 3  96   4 156  30  416 |  96.00   96   0  8 0 3  0  0 |  4.222e+15  2.549e+17  2.549e+17  6.437e+17     0        - surge
 346  9  1.023e+17 7.646e+15  452  473 DEFEND 3 256   0   0  32  416 |  81.00   93  12  8 0 0  0  3 |          0  1.828e+17  1.828e+17  5.632e+17     0        - dip,release
 347  1  4.125e+16 5.483e+15  442  472 DEFEND 3 256   0   0  32  416 |  84.75   93   9  8 0 0  0  2 |          0  1.117e+17  1.117e+17  4.928e+17     0        - release
 350  3  3.570e+16 3.350e+15  440  470   REST 3 256   0   0  64  416 |  82.75   92  10  8 0 0  5  0 |          0  1.589e+17  1.589e+17  3.696e+17     0        - release,cooldown
 355  5  6.694e+16 4.767e+15  447  467   REST 3 184   8  64  10  416 |  82.00   91   9  8 0 0  0  0 |  2.092e+15  6.255e+16  6.255e+16  3.719e+17     0        - cooldown
 357  2  3.545e+16 1.876e+15  440  467 CRUISE 3 184   8  64   4  416 |  84.00   91   7  8 0 0  0  0 |  1.108e+15  3.129e+16  3.129e+16  3.750e+17     0        - -
 371 14  2.324e+17 9.387e+14  461  467 CRUISE 3 184   8  64  28  416 |  85.00   87   2  8 0 0  0  0 |  4.222e+15  2.080e+17  2.080e+17  3.951e+17     0        - -
 386 15  9.661e+16 6.240e+15  451  467 CRUISE 3 184   8  64  30  416 |  74.00   83   9  8 0 0  0  0 |  3.019e+15  1.157e+17  1.157e+17  3.729e+17     0        - dip
 402 15  1.373e+17 3.472e+15  456  467 CRUISE 3 184   8  64  30  416 |  79.00   80   1  8 0 0  0  0 |  4.222e+15  1.424e+17  1.424e+17  3.636e+17     0        - -
 411  9  1.271e+17 4.271e+15  455  467 CRUISE 3 184   8  64  18  416 |  84.00   84   0  8 0 0  0  0 |  3.972e+15  1.169e+17  1.169e+17  3.698e+17     0        - -
 433 15  2.066e+17 3.508e+15  460  467 CRUISE 3 184   8  64  30  416 |  83.00   83   0  8 0 0  0  0 |  4.222e+15  1.918e+17  1.918e+17  3.804e+17     0        - -
 438  5  2.124e+16 5.754e+15  434  467 CRUISE 3 184   8  64  10  416 |  69.00   81  12  8 0 0  0  0 |  6.639e+14  3.013e+16  3.013e+16  3.708e+17     0        - dip
 447  9  1.157e+17 9.038e+14  453  467 CRUISE 3 184   8  64  18  416 |  82.00   82   0  8 0 0  0  0 |  3.615e+15  1.092e+17  1.092e+17  3.737e+17     0        - -
 469 15  3.405e+17 3.277e+15  466  467 CRUISE 3 184   8  64  30  416 |  89.00   89   0  8 0 0  0  0 |  4.222e+15  2.885e+17  2.885e+17  4.214e+17     0        - -
 474  5  3.124e+16 8.656e+15  438  468 CRUISE 3 184   8  64  10  416 |  74.00   88  14  8 0 0  0  0 |  9.763e+14  3.892e+16  3.892e+16  4.128e+17     0        - dip
 496 15  3.088e+17 1.167e+15  465  468 CRUISE 3 184   8  64  30  416 |  88.00   88   0  8 0 0  0  0 |  4.222e+15  2.703e+17  2.703e+17  4.470e+17     0        - -
 497  1  8.109e+15 8.109e+15  423  469 CRUISE 3 184   8  64   2  416 |  85.25   88   3  8 0 0  0  0 |  2.534e+14  9.320e+15  9.320e+15  4.456e+17     0        - dip
 502  5  1.979e+16 2.796e+14  433  469 DEFEND 3 256   0   0  34  416 |  70.25   87  17  8 0 0  0  3 |          0  7.896e+16  7.896e+16  3.864e+17     0        - dip,release
 518 15  5.222e+16 2.369e+15  444  467   REST 3 256   0   0  64  416 |  67.00   83  16  8 0 0  0  0 |          0  1.488e+17  1.488e+17  2.898e+17     0        - release,cooldown
 540 15  2.115e+17 4.464e+15  460  465 CRUISE 3 184   8  64  30  416 |  83.00   83   0  8 0 0  0  0 |  4.222e+15  1.860e+17  1.860e+17  3.111e+17     0        - -
 543  3  9.014e+15 5.580e+15  425  465 CRUISE 3 184   8  64   6  416 |  74.50   83   9  8 0 0  0  0 |  2.817e+14  1.377e+16  1.377e+16  3.061e+17     0        - dip
 583 15  3.490e+17 4.131e+14  466  465 CRUISE 3 184   8  64  30  416 |  89.00   89   0  8 0 0  0  0 |  4.222e+15  2.867e+17  2.867e+17  3.641e+17     0        - -
 597 14  3.464e+17 8.601e+15  466  467 CRUISE 3 184   8  64  28  416 |  90.00   90   0  8 0 0  0  0 |  4.222e+15  2.888e+17  2.888e+17  4.175e+17     0        - -
 600  3  4.423e+16 8.665e+15  442  468 CRUISE 3 184   8  64   6  416 |  86.50   90   4  8 0 0  0  0 |  1.382e+15  4.157e+16  4.157e+16  4.188e+17     0        - -

hostile-timing         ep  600 settles   54  in 5.704e+18  allow   2.3%  bought  90.3%  left   7.4%  maxRes  67.7 ep  tier 3  clamp 0  {'CRUISE': 46, 'BANK': 2, 'DEFEND': 3, 'REST': 3}  [echo 2.8%]
