Launch spike decaying 30% per epoch, then ordinary noisy volume.

  ep dt     inflow  TAX  RES   mode T buy alw res REL CEIL |      A   PK  dd LV W S CD TR |      allow     bought    reserve clamp flags
----------------------------------------------------------------------------------------------------------------------------------------
   1  1  4.000e+17  468    0 CRUISE 2 176  16  64   2  424 | 122.00  122   0  8 3 0  0  0 |  8.444e+15  2.750e+17  1.166e+17     0 tierup,warm
   2  1  2.800e+17  464  453 CRUISE 2 176  16  64   2  424 | 121.00  122   1  8 2 0  0  0 |  8.444e+15  1.934e+17  1.947e+17     0 warm
   3  1  1.960e+17  459  459 CRUISE 2 176  16  64   2  424 | 119.00  122   3  8 1 0  0  0 |  8.444e+15  1.363e+17  2.460e+17     0 dip,warm
   4  1  1.372e+17  456  462 CRUISE 3 184   8  64   2  416 | 116.75  121   5  8 0 0  0  0 |  4.222e+15  1.005e+17  2.784e+17     0 dip,tierup,warm
   5  1  9.604e+16  451  464 CRUISE 3 184   8  64   2  416 | 113.75  121   8  8 0 0  0  0 |  3.001e+15  7.120e+16  3.003e+17     0 dip
   6  1  6.723e+16  447  465 CRUISE 3 184   8  64   2  416 | 110.75  121  11  8 0 0  0  0 |  2.101e+15  5.067e+16  3.147e+17     0 dip
   7  1  4.706e+16  443  465 CRUISE 3 184   8  64   2  416 | 107.75  121  14  8 0 0  0  0 |  1.471e+15  3.628e+16  3.240e+17     0 dip
   8  1  3.294e+16  439  465 DEFEND 3 256   0   0  32  416 | 104.75  120  16  8 0 0  0  3 |          0  7.345e+16  2.835e+17     0 dip,release
   9  1  2.306e+16  435  464 DEFEND 3 256   0   0  38  416 | 101.75  120  19  8 0 0  0  2 |          0  6.515e+16  2.414e+17     0 dip,release
  10  1  1.614e+16  431  462 DEFEND 3 256   0   0  44  416 |  98.75  120  22  8 0 0  0  1 |          0  5.764e+16  1.999e+17     0 dip,release
  11  1  1.130e+16  427  460 DEFEND 3 256   0   0  50  416 |  95.75  120  25  8 0 0  0  0 |          0  5.035e+16  1.609e+17     0 dip,release
  12  1  7.909e+15  423  457   REST 3 184   8  64   2  416 |  92.75  119  27  8 0 0  5  0 |  2.472e+14  6.942e+15  1.616e+17     0 dip,cooldown
  13  1  5.537e+15  418  457   REST 3 184   8  64   2  416 |  89.75  119  30  8 0 0  4  0 |  1.730e+14  5.242e+15  1.617e+17     0 dip,cooldown
  14  1  3.876e+15  414  457   REST 3 184   8  64   2  416 |  86.75  119  33  8 0 0  3  0 |  1.211e+14  4.049e+15  1.614e+17     0 dip,cooldown
  15  1  2.713e+15  410  457   REST 3 184   8  64   2  416 |  83.75  119  36  8 0 0  2  0 |  8.478e+13  3.211e+15  1.609e+17     0 dip,cooldown
  16  1  1.899e+15  406  457   REST 3 184   8  64   2  416 |  80.75  118  38  8 0 0  1  0 |  5.934e+13  2.622e+15  1.601e+17     0 dip,cooldown
  17  1  1.329e+15  402  457   REST 3 184   8  64   2  416 |  77.75  118  41  8 0 0  0  0 |  4.154e+13  2.206e+15  1.592e+17     0 dip,cooldown
  18  1  9.305e+14  398  457 DEFEND 3 256   0   0  64  416 |  74.75  118  44  8 0 0  0  3 |          0  4.072e+16  1.194e+17     0 dip,release
  19  1  6.514e+14  394  454 DEFEND 3 256   0   0  64  416 |  71.75  118  47  8 0 0  0  2 |          0  3.049e+16  8.953e+16     0 dip,release
  20  1  4.560e+14  389  450 DEFEND 3 256   0   0  64  416 |  68.75  117  49  8 0 0  0  1 |          0  2.284e+16  6.714e+16     0 dip,release
  21  1  3.192e+14  386  447 DEFEND 3 256   0   0  64  416 |  65.75  117  52  8 0 0  0  0 |          0  1.711e+16  5.036e+16     0 dip,release
  22  1  2.234e+14  381  444   REST 3 184   8  64   2  416 |  62.75  117  55  8 0 0  5  0 |  6.982e+12  5.540e+14  5.002e+16     0 dip,cooldown
  23  1  1.564e+14  377  444   REST 3 184   8  64   2  416 |  59.75  117  58  8 0 0  4  0 |  4.887e+12  5.032e+14  4.967e+16     0 dip,cooldown
  24  1  1.095e+14  373  444   REST 3 184   8  64   2  416 |  56.75  116  60  8 0 0  3  0 |  3.421e+12  4.667e+14  4.931e+16     0 dip,cooldown
  25  1  7.663e+13  369  443   REST 3 184   8  64   2  416 |  53.75  116  63  8 0 0  2  0 |  2.395e+12  4.403e+14  4.894e+16     0 dip,cooldown
  26  1  5.364e+13  365  443   REST 3 184   8  64   2  416 |  50.75  116  66  8 0 0  1  0 |  1.676e+12  4.209e+14  4.857e+16     0 dip,cooldown
  27  1  3.755e+13  361  443   REST 3 184   8  64   2  416 |  47.75  116  69  8 0 0  0  0 |  1.173e+12  4.065e+14  4.820e+16     0 dip,cooldown
  28  1  2.628e+13  356  443 DEFEND 3 256   0   0  64  416 |  44.75  115  71  8 0 0  0  3 |          0  1.208e+16  3.615e+16     0 dip,release
  29  1  1.840e+13  353  441 DEFEND 3 256   0   0  64  416 |  41.75  115  74  8 0 0  0  2 |          0  9.056e+15  2.711e+16     0 dip,release
  30  1  1.288e+13  348  437 DEFEND 3 256   0   0  64  416 |  38.75  115  77  8 0 0  0  1 |          0  6.791e+15  2.034e+16     0 dip,release
  31  1  9.016e+12  345  434 DEFEND 3 256   0   0  64  416 |  35.75  115  80  7 0 0  0  0 |          0  5.093e+15  1.525e+16     0 dip,quiet,release
  32  1  6.311e+12  340  430   REST 3 184   8  64   2  416 |  32.75  114  82  6 0 0  5  0 |  1.972e+11  1.237e+14  1.513e+16     0 dip,quiet,cooldown
  33  1  4.418e+12  337  430   REST 3 184   8  64   2  416 |  29.75  114  85  5 0 0  4  0 |  1.381e+11  1.214e+14  1.502e+16     0 dip,quiet,cooldown
  34  1  3.092e+12  332  430   REST 3 184   8  64   2  416 |  26.75  114  88  4 0 0  3  0 |  9.664e+10  1.195e+14  1.490e+16     0 dip,quiet,cooldown
  35  1  2.165e+12  328  430   REST 3 184   8  64   2  416 |  23.75  114  91  3 0 0  2  0 |  6.765e+10  1.180e+14  1.478e+16     0 dip,quiet,cooldown
  36  1  1.515e+12  324  430   REST 3 184   8  64   2  416 |  20.75  113  93  2 0 0  1  0 |  4.735e+10  1.166e+14  1.467e+16     0 dip,quiet,cooldown
  37  1  1.061e+12  320  430   REST 3 184   8  64   2  416 |  17.75  113  96  1 0 0  0  0 |  3.315e+10  1.154e+14  1.456e+16     0 dip,quiet,cooldown
  38  1  7.425e+11  315  429 DEFEND 3 256   0   0  64  416 |  14.75  113  99  0 0 0  0  3 |          0  3.640e+15  1.092e+16     0 dip,quiet,release
  39  1  5.197e+11  312  426 DEFEND 3 256   0   0  64  416 |  11.75  113 102  0 0 0  0  2 |          0  2.730e+15  8.187e+15     0 quiet,release
  40  1  3.638e+11  307  423 DEFEND 3 256   0   0  64  416 |   8.75  112 104  0 0 0  0  1 |          0  2.047e+15  6.140e+15     0 quiet,release
  41  1  7.738e+15  422  419 DEFEND 3 256   0   0  32  416 |  76.00   76   0  8 3 0  0  0 |          0  8.505e+15  5.373e+15     0 release,warm
  42  1  2.066e+15  407  418   REST 3 184   8  64   2  416 |  73.00   76   3  8 2 0  5  0 |  6.457e+13  1.527e+15  5.847e+15     0 dip,cooldown,warm
  43  1          0    0  419   REST 3 184   8  64   2  416 |  70.00   76   6  7 1 0  4  0 |          0  4.568e+13  5.802e+15     0 dip,quiet,cooldown,warm
  44  1  5.868e+15  419  419   REST 3 184   8  64   2  416 |  73.00   75   2  8 0 0  3  0 |  1.834e+14  4.263e+15  7.223e+15     0 cooldown,warm
  45  1          0    0  421   REST 3 184   8  64   2  416 |  70.00   75   5  7 0 0  2  0 |          0  5.643e+13  7.167e+15     0 dip,quiet,cooldown
  46  1  2.828e+15  411  421   REST 3 184   8  64   2  416 |  68.75   75   7  8 0 0  1  0 |  8.837e+13  2.088e+15  7.818e+15     0 cooldown
  47  1  2.531e+15  409  422   REST 3 184   8  64   2  416 |  67.25   75   8  8 0 0  0  0 |  7.908e+13  1.880e+15  8.389e+15     0 cooldown
  48  1          0    0  423 CRUISE 3 184   8  64   2  416 |  64.25   74  10  7 0 0  0  0 |          0  6.554e+13  8.324e+15     0 dip,quiet
  49  1  1.791e+15  405  423 CRUISE 3 184   8  64   2  416 |  62.75   74  12  8 0 0  0  0 |  5.596e+13  1.352e+15  8.707e+15     0 -
  50  1  2.191e+15  408  424 CRUISE 3 184   8  64   2  416 |  62.50   74  12  8 0 0  0  0 |  6.847e+13  1.643e+15  9.186e+15     0 -
  51  1  3.342e+15  412  425 CRUISE 3 184   8  64   2  416 |  63.25   74  11  8 0 0  0  0 |  1.045e+14  2.474e+15  9.950e+15     0 -
  52  1          0    0  425 CRUISE 3 184   8  64   2  416 |  60.25   73  13  7 0 0  0  0 |          0  7.774e+13  9.872e+15     0 dip,quiet
  53  1  3.366e+15  412  425 CRUISE 3 184   8  64   2  416 |  61.50   73  12  8 0 0  0  0 |  1.052e+14  2.497e+15  1.064e+16     0 -
  54  1          0    0  426 CRUISE 3 184   8  64   2  416 |  58.50   73  15  7 0 0  0  0 |          0  8.310e+13  1.055e+16     0 dip,quiet
  55  1          0    0  426 DEFEND 3 256   0   0  36  416 |  55.50   73  18  6 0 0  0  3 |          0  1.484e+15  9.070e+15     0 dip,quiet,release
  56  1          0    0  425 DEFEND 3 256   0   0  40  416 |  52.50   72  20  5 0 0  0  2 |          0  1.417e+15  7.652e+15     0 dip,quiet,release
  57  1  6.567e+14  394  422 DEFEND 3 256   0   0  42  416 |  51.25   72  21  8 0 0  0  1 |          0  1.912e+15  6.397e+15     0 release
  58  1  7.547e+15  422  420 DEFEND 3 256   0   0  32  416 |  57.25   72  15  8 0 0  0  0 |          0  8.346e+15  5.597e+15     0 release
  59  1  1.654e+15  404  418   REST 3 184   8  64   2  416 |  57.25   72  15  8 0 0  5  0 |  5.169e+13  1.233e+15  5.967e+15     0 cooldown
  60  1  3.848e+15  414  419   REST 3 184   8  64   2  416 |  59.75   71  12  8 0 0  4  0 |  1.202e+14  2.812e+15  6.882e+15     0 cooldown
  61  1          0    0  421   REST 3 184   8  64   2  416 |  56.75   71  15  7 0 0  3  0 |          0  5.377e+13  6.829e+15     0 dip,quiet,cooldown
  62  1  8.382e+14  396  421   REST 3 184   8  64   2  416 |  55.00   71  16  8 0 0  2  0 |  2.619e+13  6.558e+14  6.985e+15     0 cooldown
  63  1          0    0  421   REST 3 184   8  64   2  416 |  52.00   71  19  7 0 0  1  0 |          0  5.457e+13  6.930e+15     0 dip,quiet,cooldown
  64  1          0    0  421   REST 3 184   8  64   2  416 |  49.00   70  21  6 0 0  0  0 |          0  5.414e+13  6.876e+15     0 dip,quiet,cooldown
  65  1  5.703e+14  393  421 DEFEND 3 256   0   0  44  416 |  48.50   70  22  8 0 0  0  3 |          0  1.752e+15  5.694e+15     0 release
  66  1  2.764e+14  384  419 DEFEND 3 256   0   0  50  416 |  45.75   70  25  8 0 0  0  2 |          0  1.389e+15  4.582e+15     0 dip,release
  67  1          0    0  417 DEFEND 3 256   0   0  56  416 |  42.75   70  28  7 0 0  0  1 |          0  1.002e+15  3.580e+15     0 dip,quiet,release
  68  1  6.423e+14  394  413 DEFEND 3 256   0   0  50  416 |  44.00   69  25  8 0 0  0  0 |          0  1.342e+15  2.881e+15     0 release
  69  1          0    0  411   REST 3 184   8  64   2  416 |  41.00   69  28  7 0 0  5  0 |          0  2.250e+13  2.858e+15     0 dip,quiet,cooldown
  70  1          0    0  411   REST 3 184   8  64   2  416 |  38.00   69  31  6 0 0  4  0 |          0  2.233e+13  2.836e+15     0 dip,quiet,cooldown
  71  1  4.226e+15  416  411   REST 3 184   8  64   2  416 |  46.00   69  23  8 0 0  3  0 |  1.321e+14  3.059e+15  3.870e+15     0 cooldown
  72  1  8.815e+14  397  414   REST 3 184   8  64   2  416 |  47.25   68  21  8 0 0  2  0 |  2.755e+13  6.638e+14  4.060e+15     0 cooldown
  73  1  2.621e+15  410  415   REST 3 184   8  64   2  416 |  51.25   68  17  8 0 0  1  0 |  8.191e+13  1.916e+15  4.684e+15     0 cooldown
  74  1  1.030e+15  399  417   REST 3 184   8  64   2  416 |  51.50   68  17  8 0 0  0  0 |  3.220e+13  7.772e+14  4.905e+15     0 cooldown
  75  1  1.318e+15  402  417 DEFEND 3 256   0   0  32  416 |  52.50   68  16  8 0 0  0  3 |          0  1.931e+15  4.292e+15     0 release
  76  1          0    0  416 DEFEND 3 256   0   0  36  416 |  49.50   67  18  7 0 0  0  2 |          0  6.035e+14  3.688e+15     0 dip,quiet,release
  77  1          0    0  414 DEFEND 3 256   0   0  42  416 |  46.50   67  21  6 0 0  0  1 |          0  6.051e+14  3.083e+15     0 dip,quiet,release
  78  1  6.619e+14  394  411 DEFEND 3 256   0   0  42  416 |  46.75   67  21  8 0 0  0  0 |          0  1.168e+15  2.577e+15     0 release
  79  1  2.805e+14  384  410   REST 3 184   8  64   2  416 |  44.50   67  23  8 0 0  5  0 |  8.766e+12  2.217e+14  2.627e+15     0 dip,cooldown
  80  1  5.215e+15  418  410   REST 3 184   8  64   2  416 |  51.25   66  15  8 0 0  4  0 |  1.630e+14  3.769e+15  3.911e+15     0 cooldown
  81  1          0    0  414   REST 3 184   8  64   2  416 |  48.25   66  18  7 0 0  3  0 |          0  3.055e+13  3.880e+15     0 dip,quiet,cooldown
  82  1          0    0  414   REST 3 184   8  64   2  416 |  45.25   66  21  6 0 0  2  0 |          0  3.031e+13  3.850e+15     0 dip,quiet,cooldown
  83  1  4.135e+15  415  414   REST 3 184   8  64   2  416 |  51.00   66  15  8 0 0  1  0 |  1.292e+14  3.002e+15  4.853e+15     0 cooldown
  84  1          0    0  417   REST 3 184   8  64   2  416 |  48.00   65  17  7 0 0  0  0 |          0  3.792e+13  4.816e+15     0 dip,quiet,cooldown
  85  1  2.719e+15  410  417 CRUISE 3 184   8  64   2  416 |  52.00   65  13  8 0 0  0  0 |  8.496e+13  1.992e+15  5.458e+15     0 -
  86  1          0    0  418 DEFEND 3 256   0   0  32  416 |  49.00   65  16  7 0 0  0  3 |          0  6.822e+14  4.775e+15     0 dip,quiet,release
  87  1          0    0  417 DEFEND 3 256   0   0  38  416 |  46.00   65  19  6 0 0  0  2 |          0  7.088e+14  4.067e+15     0 dip,quiet,release
  88  1  4.378e+14  389  415 DEFEND 3 256   0   0  38  416 |  45.25   64  19  8 0 0  0  1 |          0  1.041e+15  3.463e+15     0 release
  89  1          0    0  413 DEFEND 3 256   0   0  44  416 |  42.25   64  22  7 0 0  0  0 |          0  5.952e+14  2.868e+15     0 dip,quiet,release
  90  1  2.528e+15  409  411   REST 3 184   8  64   2  416 |  47.25   64  17  8 0 0  5  0 |  7.900e+13  1.839e+15  3.477e+15     0 cooldown
  91  1          0    0  413   REST 3 184   8  64   2  416 |  44.25   64  20  7 0 0  4  0 |          0  2.717e+13  3.450e+15     0 dip,quiet,cooldown
  92  1  7.667e+14  395  413   REST 3 184   8  64   2  416 |  45.25   63  18  8 0 0  3  0 |  2.396e+13  5.780e+14  3.615e+15     0 cooldown
  93  1  9.589e+15  425  413   REST 3 184   8  64   2  416 |  53.50   63  10  8 0 1  2  0 |  2.996e+14  6.920e+15  5.984e+15     0 surge,cooldown
  94  1          0    0  419   REST 3 184   8  64   2  416 |  50.50   63  13  7 0 0  1  0 |          0  4.675e+13  5.937e+15     0 dip,quiet,cooldown
  95  1  9.790e+14  398  419   REST 3 184   8  64   2  416 |  50.75   63  13  8 0 0  0  0 |  3.059e+13  7.501e+14  6.135e+15     0 cooldown
  96  1          0    0  419 CRUISE 3 184   8  64   2  416 |  47.75   62  15  7 0 0  0  0 |          0  4.793e+13  6.087e+15     0 dip,quiet
  97  1          0    0  419 DEFEND 3 256   0   0  36  416 |  44.75   62  18  6 0 0  0  3 |          0  8.560e+14  5.231e+15     0 dip,quiet,release
  98  1  2.306e+15  409  418 DEFEND 3 256   0   0  32  416 |  49.25   62  13  8 0 0  0  2 |          0  2.960e+15  4.577e+15     0 release
  99  1  4.783e+15  417  417   REST 3 184   8  64   2  416 |  54.50   62   8  8 0 1  5  0 |  1.495e+14  3.473e+15  5.737e+15     0 surge,cooldown
 100  1  1.786e+15  405  419   REST 3 184   8  64   2  416 |  55.50   61   6  8 0 0  4  0 |  5.582e+13  1.329e+15  6.139e+15     0 cooldown
 101  1  2.702e+15  410  419   REST 3 184   8  64   2  416 |  57.50   61   4  8 0 0  3  0 |  8.442e+13  1.990e+15  6.767e+15     0 cooldown
 102  1  7.892e+15  423  421   REST 3 184   8  64   2  416 |  62.25   62   0  8 0 1  2  0 |  2.466e+14  5.725e+15  8.687e+15     0 surge,cooldown
 103  1  5.999e+15  419  424   REST 3 184   8  64   2  416 |  64.75   64   0  8 0 2  1  0 |  1.875e+14  4.379e+15  1.012e+16     0 surge,cooldown
 104  1  1.015e+15  399  425   REST 3 184   8  64   2  416 |  61.75   63   2  8 0 1  0  0 |  3.171e+13  8.084e+14  1.029e+16     0 dip,cooldown
 105  1  2.790e+15  410  426 CRUISE 3 184   8  64   2  416 |  62.25   63   1  8 0 0  0  0 |  8.720e+13  2.086e+15  1.091e+16     0 -
 106  1  2.874e+15  411  426 CRUISE 3 184   8  64   2  416 |  62.75   63   1  8 0 0  0  0 |  8.982e+13  2.151e+15  1.154e+16     0 -
 107  1          0    0  427 CRUISE 3 184   8  64   2  416 |  59.75   63   4  7 0 0  0  0 |          0  9.018e+13  1.145e+16     0 dip,quiet
 108  1  3.794e+15  414  427 CRUISE 3 184   8  64   2  416 |  61.75   62   1  8 0 0  0  0 |  1.185e+14  2.816e+15  1.231e+16     0 -
 109  1  2.563e+15  410  427 CRUISE 3 184   8  64   2  416 |  62.25   62   0  8 0 0  0  0 |  8.011e+13  1.939e+15  1.286e+16     0 -
 110  1  1.917e+15  406  428 CRUISE 3 184   8  64   2  416 |  61.50   62   1  8 0 0  0  0 |  5.990e+13  1.478e+15  1.324e+16     0 -
 111  1  1.976e+15  407  428 CRUISE 3 184   8  64   2  416 |  61.25   62   1  8 0 0  0  0 |  6.174e+13  1.523e+15  1.363e+16     0 -
 112  1  6.926e+14  394  429 CRUISE 3 184   8  64   2  416 |  58.25   61   3  8 0 0  0  0 |  2.164e+13  6.042e+14  1.369e+16     0 dip
 113  1          0    0  429 CRUISE 3 184   8  64   2  416 |  55.25   61   6  7 0 0  0  0 |          0  1.070e+14  1.359e+16     0 dip,quiet
 114  1          0    0  429 CRUISE 3 184   8  64   2  416 |  52.25   61   9  6 0 0  0  0 |          0  1.061e+14  1.348e+16     0 dip,quiet
 115  1  3.271e+15  412  428 CRUISE 3 184   8  64   2  416 |  55.50   61   6  8 0 0  0  0 |  1.022e+14  2.456e+15  1.419e+16     0 -
 116  1  8.225e+14  396  429 CRUISE 3 184   8  64   2  416 |  54.00   60   6  8 0 0  0  0 |  2.570e+13  7.021e+14  1.429e+16     0 -
 117  1          0    0  429 CRUISE 3 184   8  64   2  416 |  51.00   60   9  7 0 0  0  0 |          0  1.116e+14  1.418e+16     0 dip,quiet
 118  1  5.771e+15  419  429 CRUISE 3 184   8  64   2  416 |  56.50   60   4  8 0 1  0  0 |  1.804e+14  4.259e+15  1.551e+16     0 surge
 119  1  1.389e+15  402  430 CRUISE 3 184   8  64   2  416 |  56.25   60   4  8 0 0  0  0 |  4.341e+13  1.120e+15  1.573e+16     0 -
 120  1  1.261e+15  401  430 CRUISE 3 184   8  64   2  416 |  55.75   59   4  8 0 0  0  0 |  3.942e+13  1.030e+15  1.593e+16     0 -
 121  1  1.224e+15  401  431 CRUISE 3 184   8  64   2  416 |  55.50   59   4  8 0 0  0  0 |  3.826e+13  1.004e+15  1.611e+16     0 -
 122  1  3.063e+15  411  431 CRUISE 3 184   8  64   2  416 |  57.75   59   2  8 0 0  0  0 |  9.571e+13  2.327e+15  1.675e+16     0 -
 123  1  1.831e+15  406  431 CRUISE 3 184   8  64   2  416 |  58.25   59   1  8 0 0  0  0 |  5.723e+13  1.447e+15  1.707e+16     0 -
 124  1          0    0  432 CRUISE 3 184   8  64   2  416 |  55.25   58   3  7 0 0  0  0 |          0  1.334e+14  1.694e+16     0 dip,quiet
 125  1  2.383e+15  409  432 CRUISE 3 184   8  64   2  416 |  57.00   58   1  8 0 0  0  0 |  7.447e+13  1.845e+15  1.740e+16     0 -
 126  1  1.847e+15  406  432 CRUISE 3 184   8  64   2  416 |  57.75   58   1  8 0 0  0  0 |  5.773e+13  1.464e+15  1.773e+16     0 -
 127  1  1.184e+15  401  432 CRUISE 3 184   8  64   2  416 |  57.00   58   1  8 0 0  0  0 |  3.700e+13  9.894e+14  1.789e+16     0 -
 128  1          0    0  432 CRUISE 3 184   8  64   2  416 |  54.00   57   3  7 0 0  0  0 |          0  1.397e+14  1.775e+16     0 dip,quiet
 129  1  1.561e+15  404  432 CRUISE 3 184   8  64   2  416 |  55.00   57   2  8 0 0  0  0 |  4.877e+13  1.260e+15  1.800e+16     0 -
 130  1  2.970e+15  411  432 CRUISE 3 184   8  64   2  416 |  57.50   57   0  8 0 1  0  0 |  9.280e+13  2.275e+15  1.860e+16     0 surge
 131  1  1.693e+15  405  433 CRUISE 3 184   8  64   2  416 |  57.75   57   0  8 0 0  0  0 |  5.290e+13  1.362e+15  1.888e+16     0 -
 132  1          0    0  433 CRUISE 3 184   8  64   2  416 |  54.75   56   2  7 0 0  0  0 |          0  1.475e+14  1.873e+16     0 dip,quiet
 133  1          0    0  433 CRUISE 3 184   8  64   2  416 |  51.75   56   5  6 0 0  0  0 |          0  1.463e+14  1.859e+16     0 dip,quiet
 134  1  4.051e+15  415  433 CRUISE 3 184   8  64   2  416 |  56.00   56   0  8 0 1  0  0 |  1.266e+14  3.057e+15  1.945e+16     0 surge
 135  1  4.128e+15  415  433   BANK 3 104   4 148   2  416 |  59.25   59   0  8 0 2  0  0 |  6.450e+13  1.829e+15  2.169e+16     0 surge
 136  1  6.258e+14  393  434   BANK 3 124   4 128   2  416 |  56.25   58   2  8 0 1  0  0 |  9.779e+12  4.726e+14  2.183e+16     0 dip
 137  1  6.182e+15  419  434   BANK 3  96   4 156   2  416 |  60.25   60   0  8 0 2  0  0 |  9.660e+13  2.489e+15  2.543e+16     0 surge
 138  1  8.284e+15  423  436   BANK 3  88   4 164   2  416 |  64.25   64   0  8 0 3  0  0 |  1.294e+14  3.046e+15  3.054e+16     0 surge
 139  1  3.238e+14  386  438   BANK 3 124   4 128   2  416 |  61.25   64   3  8 0 2  0  0 |  5.060e+12  3.954e+14  3.046e+16     0 dip
 140  1  4.729e+15  417  438   BANK 3 124   4 128   2  416 |  63.50   63   0  8 0 1  0  0 |  7.388e+13  2.528e+15  3.259e+16     0 -
 141  1          0    0  439 DEFEND 3 256   0   0  32  416 |  60.50   63   3  7 0 0  0  3 |          0  4.073e+15  2.851e+16     0 dip,quiet,release
 142  1  2.708e+15  410  437 DEFEND 3 256   0   0  32  416 |  61.25   63   2  8 0 0  0  2 |          0  6.272e+15  2.495e+16     0 release
 143  1  1.507e+15  403  436 DEFEND 3 256   0   0  32  416 |  60.00   63   3  8 0 0  0  1 |          0  4.625e+15  2.183e+16     0 release
 144  1  2.902e+15  411  434 DEFEND 3 256   0   0  32  416 |  61.25   62   1  8 0 0  0  0 |          0  5.631e+15  1.910e+16     0 release
 145  1  8.601e+14  397  433   REST 3 184   8  64   2  416 |  58.50   62   4  8 0 0  5  0 |  2.688e+13  7.674e+14  1.917e+16     0 dip,cooldown
 146  1  9.692e+14  398  433   REST 3 184   8  64   2  416 |  56.75   62   6  8 0 0  4  0 |  3.029e+13  8.463e+14  1.926e+16     0 cooldown
 147  1  2.197e+16  434  433   REST 3 184   8  64   2  416 |  64.50   64   0  8 0 1  3  0 |  6.867e+14  1.594e+16  2.460e+16     0 surge,cooldown
 148  1  9.027e+15  425  435   REST 3 184   8  64   2  416 |  68.00   68   0  8 0 2  2  0 |  2.821e+14  6.680e+15  2.667e+16     0 surge,cooldown
 149  1  8.033e+14  396  436   REST 3 184   8  64   2  416 |  65.00   68   3  8 0 1  1  0 |  2.510e+13  7.857e+14  2.666e+16     0 dip,cooldown
 150  1  5.303e+14  392  436   REST 3 184   8  64   2  416 |  62.00   68   6  8 0 0  0  0 |  1.657e+13  5.894e+14  2.658e+16     0 dip,cooldown
 151  1  2.568e+15  410  436 CRUISE 3 184   8  64   2  416 |  62.50   68   6  8 0 0  0  0 |  8.025e+13  2.053e+15  2.702e+16     0 -
 152  1  1.187e+15  401  436 CRUISE 3 184   8  64   2  416 |  60.50   67   7  8 0 0  0  0 |  3.708e+13  1.064e+15  2.710e+16     0 -
 153  1  4.763e+15  417  437 CRUISE 3 184   8  64   2  416 |  63.00   67   4  8 0 0  0  0 |  1.489e+14  3.635e+15  2.808e+16     0 -
 154  1  1.083e+16  426  437 CRUISE 3 184   8  64   2  416 |  67.25   67   0  8 0 1  0  0 |  3.384e+14  8.003e+15  3.057e+16     0 surge
 155  1  6.622e+14  394  438 CRUISE 3 184   8  64   2  416 |  64.25   67   3  8 0 0  0  0 |  2.069e+13  7.148e+14  3.050e+16     0 dip
 156  1  2.408e+15  409  438 CRUISE 3 184   8  64   2  416 |  63.75   66   3  8 0 0  0  0 |  7.525e+13  1.969e+15  3.086e+16     0 -
 157  1  2.094e+15  407  438 CRUISE 3 184   8  64   2  416 |  63.00   66   3  8 0 0  0  0 |  6.543e+13  1.746e+15  3.114e+16     0 -
 158  1  2.472e+15  409  438 CRUISE 3 184   8  64   2  416 |  63.00   66   3  8 0 0  0  0 |  7.725e+13  2.020e+15  3.152e+16     0 -
 159  1  3.980e+14  388  438 CRUISE 3 184   8  64   2  416 |  60.00   66   6  8 0 0  0  0 |  1.244e+13  5.323e+14  3.137e+16     0 dip
 160  1  9.433e+14  398  438 CRUISE 3 184   8  64   2  416 |  58.00   65   7  8 0 0  0  0 |  2.948e+13  9.231e+14  3.136e+16     0 dip
 161  1          0    0  438 CRUISE 3 184   8  64   2  416 |  55.00   65  10  7 0 0  0  0 |          0  2.450e+14  3.112e+16     0 dip,quiet
 162  1  1.885e+15  406  438 CRUISE 3 184   8  64   2  416 |  56.25   65   9  8 0 0  0  0 |  5.892e+13  1.598e+15  3.135e+16     0 -
 163  1          0    0  438 CRUISE 3 184   8  64   2  416 |  53.25   65  12  7 0 0  0  0 |          0  2.449e+14  3.110e+16     0 dip,quiet
 164  1  1.014e+15  399  438 CRUISE 3 184   8  64   2  416 |  53.00   64  11  8 0 0  0  0 |  3.169e+13  9.719e+14  3.111e+16     0 -
 165  1  1.246e+15  401  438 CRUISE 3 184   8  64   2  416 |  53.50   64  11  8 0 0  0  0 |  3.893e+13  1.138e+15  3.118e+16     0 -
 166  1  5.332e+14  392  438 CRUISE 3 184   8  64   2  416 |  51.50   64  13  8 0 0  0  0 |  1.666e+13  6.269e+14  3.107e+16     0 -
 167  1          0    0  438 DEFEND 3 256   0   0  32  416 |  48.50   64  16  7 0 0  0  3 |          0  3.884e+15  2.719e+16     0 dip,quiet,release
 168  1          0    0  437 DEFEND 3 256   0   0  36  416 |  45.50   63  18  6 0 0  0  2 |          0  3.823e+15  2.336e+16     0 dip,quiet,release
 169  1  1.681e+15  404  435 DEFEND 3 256   0   0  32  416 |  48.50   63  15  8 0 0  0  1 |          0  4.601e+15  2.044e+16     0 release
 170  1  2.123e+15  408  434 DEFEND 3 256   0   0  32  416 |  51.75   63  12  8 0 0  0  0 |          0  4.679e+15  1.789e+16     0 release
 171  1          0    0  432   REST 3 184   8  64   2  416 |  48.75   63  15  7 0 0  5  0 |          0  1.397e+14  1.775e+16     0 dip,quiet,cooldown
 172  1  3.314e+15  412  432   REST 3 184   8  64   2  416 |  53.00   62   9  8 0 0  4  0 |  1.036e+14  2.521e+15  1.844e+16     0 cooldown
 173  1  7.623e+15  422  433   REST 3 184   8  64   2  416 |  58.75   62   4  8 0 1  3  0 |  2.382e+14  5.623e+15  2.020e+16     0 surge,cooldown
 174  1          0    0  433   REST 3 184   8  64   2  416 |  55.75   62   7  7 0 0  2  0 |          0  1.578e+14  2.004e+16     0 dip,quiet,cooldown
 175  1  1.261e+15  401  433   REST 3 184   8  64   2  416 |  55.50   62   7  8 0 0  1  0 |  3.941e+13  1.063e+15  2.020e+16     0 cooldown
 176  1  3.897e+14  388  433   REST 3 184   8  64   2  416 |  52.50   61   9  8 0 0  0  0 |  1.218e+13  4.379e+14  2.014e+16     0 dip,cooldown
 177  1          0    0  433 CRUISE 3 184   8  64   2  416 |  49.50   61  12  7 0 0  0  0 |          0  1.573e+14  1.998e+16     0 dip,quiet
 178  1          0    0  433 CRUISE 3 184   8  64   2  416 |  46.50   61  15  6 0 0  0  0 |          0  1.561e+14  1.983e+16     0 dip,quiet
 179  1  1.055e+15  399  433 CRUISE 3 184   8  64   2  416 |  48.00   61  13  8 0 0  0  0 |  3.296e+13  9.129e+14  1.993e+16     0 -
 180  1          0    0  433 CRUISE 3 184   8  64   2  416 |  45.00   60  15  7 0 0  0  0 |          0  1.557e+14  1.978e+16     0 dip,quiet
 181  1  3.977e+14  388  433 DEFEND 3 256   0   0  32  416 |  44.25   60  16  8 0 0  0  3 |          0  2.870e+15  1.731e+16     0 release
 182  1  2.082e+15  407  432 DEFEND 3 256   0   0  32  416 |  48.25   60  12  8 0 0  0  2 |          0  4.246e+15  1.514e+16     0 release
 183  1  2.962e+15  411  430 DEFEND 3 256   0   0  32  416 |  52.25   60   8  8 0 0  0  1 |          0  4.855e+15  1.325e+16     0 release
 184  1          0    0  428 DEFEND 3 256   0   0  32  416 |  49.25   59  10  7 0 0  0  0 |          0  1.656e+15  1.159e+16     0 dip,quiet,release
 185  1          0    0  427   REST 3 184   8  64   2  416 |  46.25   59  13  6 0 0  5  0 |          0  9.058e+13  1.150e+16     0 dip,quiet,cooldown
 186  1          0    0  427   REST 3 184   8  64   2  416 |  43.25   59  16  5 0 0  4  0 |          0  8.987e+13  1.141e+16     0 dip,quiet,cooldown
 187  1  2.121e+15  408  427   REST 3 184   8  64   2  416 |  47.75   59  12  8 0 0  3  0 |  6.630e+13  1.614e+15  1.185e+16     0 cooldown
 188  1          0    0  427   REST 3 184   8  64   2  416 |  44.75   58  14  7 0 0  2  0 |          0  9.261e+13  1.176e+16     0 dip,quiet,cooldown
 189  1          0    0  427   REST 3 184   8  64   2  416 |  41.75   58  17  6 0 0  1  0 |          0  9.189e+13  1.167e+16     0 dip,quiet,cooldown
 190  1          0    0  427   REST 3 184   8  64   2  416 |  38.75   58  20  5 0 0  0  0 |          0  9.117e+13  1.158e+16     0 dip,quiet,cooldown
 191  1  8.440e+15  423  427 CRUISE 3 184   8  64   2  416 |  48.25   58  10  8 0 1  0  0 |  2.638e+14  6.157e+15  1.360e+16     0 surge
 192  1  1.145e+15  401  429 CRUISE 3 184   8  64   2  416 |  49.75   57   8  8 0 0  0  0 |  3.580e+13  9.295e+14  1.378e+16     0 -
 193  1  1.481e+15  403  429 CRUISE 3 184   8  64   2  416 |  51.50   57   6  8 0 0  0  0 |  4.627e+13  1.172e+15  1.404e+16     0 -
 194  1          0    0  429 CRUISE 3 184   8  64   2  416 |  48.50   57   9  7 0 0  0  0 |          0  1.097e+14  1.393e+16     0 dip,quiet
 195  1  4.114e+15  415  429 CRUISE 3 184   8  64   2  416 |  53.50   57   4  8 0 1  0  0 |  1.286e+14  3.066e+15  1.485e+16     0 surge
 196  1  3.989e+15  415  430   BANK 3 108   4 144   2  416 |  57.25   57   0  8 0 2  0  0 |  6.233e+13  1.799e+15  1.698e+16     0 surge
 197  1          0    0  432   BANK 3 124   4 128   2  416 |  54.25   57   3  7 0 1  0  0 |          0  1.327e+14  1.685e+16     0 dip,quiet
 198  1          0    0  431 DEFEND 3 256   0   0  32  416 |  51.25   57   6  6 0 0  0  3 |          0  2.106e+15  1.474e+16     0 dip,quiet,release
 199  1  1.154e+16  427  430   REST 3 184   8  64   2  416 |  58.50   58   0  8 0 1  5  0 |  3.606e+14  8.409e+15  1.751e+16     0 surge,cooldown
 200  1  2.903e+15  411  432   REST 3 184   8  64   2  416 |  60.00   60   0  8 0 0  4  0 |  9.073e+13  2.224e+15  1.810e+16     0 cooldown
 201  1  3.059e+15  411  433   REST 3 184   8  64   2  416 |  61.25   61   0  8 0 0  3  0 |  9.558e+13  2.340e+15  1.872e+16     0 cooldown
 202  1  1.322e+16  428  433   REST 3 184   8  64   2  416 |  66.25   66   0  8 0 1  2  0 |  4.132e+14  9.650e+15  2.188e+16     0 surge,cooldown
 203  1  4.183e+14  388  434   REST 3 184   8  64   2  416 |  63.25   66   3  8 0 0  1  0 |  1.307e+13  4.716e+14  2.182e+16     0 dip,cooldown
 204  1  8.407e+15  423  434   REST 3 184   8  64   2  416 |  66.50   66   0  8 0 1  0  0 |  2.627e+14  6.213e+15  2.375e+16     0 surge,cooldown
 205  1  1.116e+15  400  435 CRUISE 3 184   8  64   2  416 |  63.50   66   3  8 0 0  0  0 |  3.489e+13  9.880e+14  2.384e+16     0 dip
 206  1          0    0  435 CRUISE 3 184   8  64   2  416 |  60.50   66   6  7 0 0  0  0 |          0  1.863e+14  2.365e+16     0 dip,quiet
 207  1  1.895e+15  406  435 CRUISE 3 184   8  64   2  416 |  60.25   66   6  8 0 0  0  0 |  5.921e+13  1.547e+15  2.394e+16     0 -
 208  1  3.766e+15  414  435 CRUISE 3 184   8  64   2  416 |  62.00   65   3  8 0 0  0  0 |  1.177e+14  2.894e+15  2.470e+16     0 -
 209  1          0    0  435 CRUISE 3 184   8  64   2  416 |  59.00   65   6  7 0 0  0  0 |          0  1.930e+14  2.450e+16     0 dip,quiet
 210  1  3.075e+15  411  435 CRUISE 3 184   8  64   2  416 |  60.50   65   5  8 0 0  0  0 |  9.611e+13  2.402e+15  2.508e+16     0 -
 211  1  2.583e+15  410  436 CRUISE 3 184   8  64   2  416 |  61.25   65   4  8 0 0  0  0 |  8.070e+13  2.052e+15  2.553e+16     0 -
 212  1  8.518e+15  424  436 CRUISE 3 184   8  64   2  416 |  65.25   65   0  8 0 1  0  0 |  2.662e+14  6.322e+15  2.746e+16     0 surge
 213  1  3.470e+15  413  437 CRUISE 3 184   8  64   2  416 |  65.50   65   0  8 0 0  0  0 |  1.084e+14  2.709e+15  2.811e+16     0 -
 214  1  1.579e+15  404  437 CRUISE 3 184   8  64   2  416 |  63.50   65   2  8 0 0  0  0 |  4.933e+13  1.354e+15  2.829e+16     0 -
 215  1          0    0  437 CRUISE 3 184   8  64   2  416 |  60.50   65   5  7 0 0  0  0 |          0  2.210e+14  2.807e+16     0 dip,quiet
 216  1  2.381e+15  409  437 CRUISE 3 184   8  64   2  416 |  61.00   64   3  8 0 0  0  0 |  7.441e+13  1.931e+15  2.844e+16     0 -
 217  1  6.932e+15  421  437 CRUISE 3 184   8  64   2  416 |  64.50   64   0  8 0 1  0  0 |  2.166e+14  5.205e+15  2.996e+16     0 surge
 218  1          0    0  438 CRUISE 3 184   8  64   2  416 |  61.50   64   3  7 0 0  0  0 |          0  2.340e+14  2.972e+16     0 dip,quiet
 219  1  1.887e+15  406  438 CRUISE 3 184   8  64   2  416 |  61.00   64   3  8 0 0  0  0 |  5.896e+13  1.588e+15  2.996e+16     0 -
 220  1  2.449e+15  409  438 CRUISE 3 184   8  64   2  416 |  61.50   63   2  8 0 0  0  0 |  7.653e+13  1.994e+15  3.034e+16     0 -
 221  1  1.500e+15  403  438 CRUISE 3 184   8  64   2  416 |  60.25   63   3  8 0 0  0  0 |  4.689e+13  1.315e+15  3.048e+16     0 -
 222  1  1.448e+15  403  438 CRUISE 3 184   8  64   2  416 |  59.25   63   4  8 0 0  0  0 |  4.525e+13  1.279e+15  3.060e+16     0 -
 223  1  2.313e+15  409  438 CRUISE 3 184   8  64   2  416 |  60.00   63   3  8 0 0  0  0 |  7.227e+13  1.901e+15  3.094e+16     0 -
 224  1  3.168e+14  386  438 CRUISE 3 184   8  64   2  416 |  57.00   62   5  8 0 0  0  0 |  9.901e+12  4.694e+14  3.078e+16     0 dip
 225  1  6.771e+15  421  438 CRUISE 3 184   8  64   2  416 |  61.50   62   1  8 0 1  0  0 |  2.116e+14  5.107e+15  3.223e+16     0 surge
 226  1  3.789e+15  414  439 CRUISE 3 184   8  64   2  416 |  63.00   63   0  8 0 0  0  0 |  1.184e+14  2.975e+15  3.293e+16     0 -
 227  1  1.540e+14  377  439 CRUISE 3 184   8  64   2  416 |  60.00   63   3  8 0 0  0  0 |  4.814e+12  3.680e+14  3.271e+16     0 dip
 228  1  2.445e+15  409  439 CRUISE 3 184   8  64   2  416 |  60.75   62   2  8 0 0  0  0 |  7.641e+13  2.013e+15  3.306e+16     0 -
 229  1  1.818e+15  405  439 CRUISE 3 184   8  64   2  416 |  60.25   62   2  8 0 0  0  0 |  5.681e+13  1.565e+15  3.326e+16     0 -
 230  1          0    0  439 CRUISE 3 184   8  64   2  416 |  57.25   62   5  7 0 0  0  0 |          0  2.598e+14  3.300e+16     0 dip,quiet
 231  1  6.290e+14  393  439 CRUISE 3 184   8  64   2  416 |  54.50   62   8  8 0 0  0  0 |  1.966e+13  7.099e+14  3.290e+16     0 dip
 232  1  1.804e+15  405  439 CRUISE 3 184   8  64   2  416 |  55.50   61   6  8 0 0  0  0 |  5.636e+13  1.553e+15  3.309e+16     0 -
 233  1  1.074e+15  400  439 CRUISE 3 184   8  64   2  416 |  55.00   61   6  8 0 0  0  0 |  3.356e+13  1.030e+15  3.310e+16     0 -
 234  1  3.390e+15  413  439 CRUISE 3 184   8  64   2  416 |  58.00   61   3  8 0 0  0  0 |  1.059e+14  2.695e+15  3.369e+16     0 -
 235  1          0    0  439 CRUISE 3 184   8  64   2  416 |  55.00   61   6  7 0 0  0  0 |          0  2.632e+14  3.343e+16     0 dip,quiet
 236  1  7.343e+15  422  439 CRUISE 3 184   8  64   2  416 |  60.25   60   0  8 0 1  0  0 |  2.295e+14  5.539e+15  3.500e+16     0 surge
 237  1  5.762e+14  393  440 CRUISE 3 184   8  64   2  416 |  57.25   60   3  8 0 0  0  0 |  1.800e+13  6.876e+14  3.487e+16     0 dip
 238  1  3.070e+15  411  440 CRUISE 3 184   8  64   2  416 |  59.00   60   1  8 0 0  0  0 |  9.595e+13  2.479e+15  3.537e+16     0 -
 239  1  9.847e+14  398  440 CRUISE 3 184   8  64   2  416 |  57.25   60   3  8 0 0  0  0 |  3.077e+13  9.841e+14  3.534e+16     0 -
 240  1  1.010e+15  399  440 CRUISE 3 184   8  64   2  416 |  56.00   59   3  8 0 0  0  0 |  3.155e+13  1.002e+15  3.531e+16     0 -
 241  1  4.517e+14  389  440 CRUISE 3 184   8  64   2  416 |  53.00   59   6  8 0 0  0  0 |  1.412e+13  6.006e+14  3.515e+16     0 dip
 242  1          0    0  440 CRUISE 3 184   8  64   2  416 |  50.00   59   9  7 0 0  0  0 |          0  2.746e+14  3.488e+16     0 dip,quiet
 243  1          0    0  440 CRUISE 3 184   8  64   2  416 |  47.00   59  12  6 0 0  0  0 |          0  2.725e+14  3.460e+16     0 dip,quiet
 244  1  2.531e+15  409  440 CRUISE 3 184   8  64   2  416 |  51.00   58   7  8 0 0  0  0 |  7.909e+13  2.089e+15  3.497e+16     0 -
 245  1  1.909e+15  406  440 CRUISE 3 184   8  64   2  416 |  53.25   58   5  8 0 0  0  0 |  5.965e+13  1.645e+15  3.517e+16     0 -
 246  1  2.697e+16  436  440   BANK 3  60   4 192   2  416 |  62.25   62   0  8 0 2  0  0 |  4.214e+14  6.596e+15  5.512e+16     0 surge
 247  1          0    0  445   BANK 3 124   4 128   2  416 |  59.25   62   3  7 0 1  0  0 |          0  4.306e+14  5.469e+16     0 dip,quiet
 248  1          0    0  445 DEFEND 3 256   0   0  32  416 |  56.25   61   5  6 0 0  0  3 |          0  6.837e+15  4.786e+16     0 dip,quiet,release
 249  1  5.008e+15  417  443   REST 3 184   8  64   2  416 |  59.75   61   2  8 0 1  5  0 |  1.565e+14  3.973e+15  4.873e+16     0 surge,cooldown
 250  1          0    0  443   REST 3 184   8  64   2  416 |  56.75   61   5  7 0 0  4  0 |          0  3.807e+14  4.835e+16     0 dip,quiet,cooldown
 251  1  2.254e+14  381  443   REST 3 184   8  64   2  416 |  53.75   61   8  8 0 0  3  0 |  7.044e+12  5.398e+14  4.803e+16     0 dip,cooldown
 252  1  1.030e+15  399  443   REST 3 184   8  64   2  416 |  53.50   60   7  8 0 0  2  0 |  3.219e+13  1.116e+15  4.791e+16     0 cooldown
 253  1  7.060e+15  421  443   REST 3 184   8  64   2  416 |  58.75   60   2  8 0 1  1  0 |  2.206e+14  5.449e+15  4.930e+16     0 surge,cooldown
 254  1  2.477e+15  409  443   REST 3 184   8  64   2  416 |  59.75   60   1  8 0 0  0  0 |  7.740e+13  2.165e+15  4.954e+16     0 cooldown
 255  1  4.301e+14  389  443 CRUISE 3 184   8  64   2  416 |  56.75   60   4  8 0 0  0  0 |  1.344e+13  6.961e+14  4.926e+16     0 dip
 256  1          0    0  443 CRUISE 3 184   8  64   2  416 |  53.75   59   6  7 0 0  0  0 |          0  3.848e+14  4.887e+16     0 dip,quiet
 257  1          0    0  443 CRUISE 3 184   8  64   2  416 |  50.75   59   9  6 0 0  0  0 |          0  3.818e+14  4.849e+16     0 dip,quiet
 258  1  7.135e+14  395  443 CRUISE 3 184   8  64   2  416 |  50.25   59   9  8 0 0  0  0 |  2.230e+13  8.917e+14  4.829e+16     0 -
 259  1  3.181e+15  412  443 CRUISE 3 184   8  64   2  416 |  54.00   59   5  8 0 0  0  0 |  9.941e+13  2.664e+15  4.871e+16     0 -
 260  1          0    0  443 CRUISE 3 184   8  64   2  416 |  51.00   58   7  7 0 0  0  0 |          0  3.805e+14  4.833e+16     0 dip,quiet
 261  1  3.688e+15  414  443 CRUISE 3 184   8  64   2  416 |  55.25   58   3  8 0 1  0  0 |  1.152e+14  3.028e+15  4.887e+16     0 surge
 262  1          0    0  443 CRUISE 3 184   8  64   2  416 |  52.25   58   6  7 0 0  0  0 |          0  3.818e+14  4.849e+16     0 dip,quiet
 263  1  8.605e+15  424  443 CRUISE 3 184   8  64   2  416 |  58.50   58   0  8 0 1  0  0 |  2.689e+14  6.564e+15  5.026e+16     0 surge
 264  1  7.064e+15  421  444   BANK 3  88   4 164   2  416 |  62.50   62   0  8 0 2  0  0 |  1.104e+14  2.821e+15  5.440e+16     0 surge
 265  1  1.224e+15  401  445   BANK 3 124   4 128   2  416 |  60.50   62   2  8 0 1  0  0 |  1.913e+13  1.018e+15  5.458e+16     0 -
 266  1  1.017e+15  399  445 CRUISE 3 184   8  64   2  416 |  58.50   62   4  8 0 0  0  0 |  3.178e+13  1.157e+15  5.441e+16     0 -
 267  1  1.357e+15  402  445 CRUISE 3 184   8  64   2  416 |  57.75   62   5  8 0 0  0  0 |  4.240e+13  1.400e+15  5.433e+16     0 -
 268  1  6.026e+14  393  445 CRUISE 3 184   8  64   2  416 |  55.00   61   6  8 0 0  0  0 |  1.883e+13  8.575e+14  5.405e+16     0 dip
 269  1  3.060e+15  411  445 CRUISE 3 184   8  64   2  416 |  57.50   61   4  8 0 0  0  0 |  9.563e+13  2.622e+15  5.439e+16     0 -
 270  1  2.002e+14  380  445 CRUISE 3 184   8  64   2  416 |  54.50   61   7  8 0 0  0  0 |  6.256e+12  5.688e+14  5.402e+16     0 dip
 271  1  2.121e+15  408  444 CRUISE 3 184   8  64   2  416 |  56.25   61   5  8 0 0  0  0 |  6.629e+13  1.947e+15  5.413e+16     0 -
 272  1  2.922e+15  411  445 CRUISE 3 184   8  64   2  416 |  58.25   60   2  8 0 0  0  0 |  9.130e+13  2.523e+15  5.444e+16     0 -
 273  1          0    0  445 CRUISE 3 184   8  64   2  416 |  55.25   60   5  7 0 0  0  0 |          0  4.253e+14  5.401e+16     0 dip,quiet
 274  1          0    0  444 CRUISE 3 184   8  64   2  416 |  52.25   60   8  6 0 0  0  0 |          0  4.220e+14  5.359e+16     0 dip,quiet
 275  1  2.617e+15  410  444 CRUISE 3 184   8  64   2  416 |  55.00   60   5  8 0 0  0  0 |  8.177e+13  2.299e+15  5.382e+16     0 -
 276  1  2.806e+15  410  444 CRUISE 3 184   8  64   2  416 |  57.25   59   2  8 0 0  0  0 |  8.770e+13  2.438e+15  5.411e+16     0 -
 277  1          0    0  445 CRUISE 3 184   8  64   2  416 |  54.25   59   5  7 0 0  0  0 |          0  4.227e+14  5.368e+16     0 dip,quiet
 278  1  2.340e+15  409  444 CRUISE 3 184   8  64   2  416 |  56.25   59   3  8 0 0  0  0 |  7.314e+13  2.102e+15  5.385e+16     0 -
 279  1  3.587e+15  413  444 CRUISE 3 184   8  64   2  416 |  58.75   59   1  8 0 1  0  0 |  1.121e+14  2.999e+15  5.432e+16     0 surge
 280  1  7.329e+15  422  445   BANK 3  88   4 164   2  416 |  63.00   63   0  8 0 2  0  0 |  1.145e+14  2.944e+15  5.859e+16     0 surge
 281  1  8.275e+14  396  446   BANK 3 124   4 128   2  416 |  60.00   63   3  8 0 1  0  0 |  1.293e+13  8.586e+14  5.855e+16     0 dip
 282  1  2.303e+15  409  446 CRUISE 3 184   8  64   2  416 |  60.75   63   3  8 0 0  0  0 |  7.198e+13  2.113e+15  5.867e+16     0 -
 283  1  1.586e+15  404  446 CRUISE 3 184   8  64   2  416 |  60.00   63   3  8 0 0  0  0 |  4.956e+13  1.598e+15  5.861e+16     0 -
 284  1          0    0  446 CRUISE 3 184   8  64   2  416 |  57.00   62   5  7 0 0  0  0 |          0  4.579e+14  5.815e+16     0 dip,quiet
 285  1  7.706e+15  422  445 CRUISE 3 184   8  64   2  416 |  61.75   62   1  8 0 1  0  0 |  2.408e+14  5.993e+15  5.962e+16     0 surge
 286  1          0    0  446 CRUISE 3 184   8  64   2  416 |  58.75   62   4  7 0 0  0  0 |          0  4.658e+14  5.916e+16     0 dip,quiet
 287  1          0    0  446 CRUISE 3 184   8  64   2  416 |  55.75   62   7  6 0 0  0  0 |          0  4.622e+14  5.869e+16     0 dip,quiet
 288  1  6.701e+14  394  446 CRUISE 3 184   8  64   2  416 |  53.75   61   8  8 0 0  0  0 |  2.094e+13  9.402e+14  5.840e+16     0 -
 289  1          0    0  445 CRUISE 3 184   8  64   2  416 |  50.75   61  11  7 0 0  0  0 |          0  4.563e+14  5.795e+16     0 dip,quiet
 290  1  3.561e+15  413  445 CRUISE 3 184   8  64   2  416 |  54.75   61   7  8 0 0  0  0 |  1.113e+14  3.012e+15  5.838e+16     0 -
 291  1          0    0  445 CRUISE 3 184   8  64   2  416 |  51.75   61  10  7 0 0  0  0 |          0  4.561e+14  5.793e+16     0 dip,quiet
 292  1  9.807e+15  425  445 CRUISE 3 184   8  64   2  416 |  58.50   60   2  8 0 1  0  0 |  3.065e+14  7.501e+15  5.993e+16     0 surge
 293  1          0    0  446 CRUISE 3 184   8  64   2  416 |  55.50   60   5  7 0 0  0  0 |          0  4.682e+14  5.946e+16     0 dip,quiet
 294  1          0    0  446 CRUISE 3 184   8  64   2  416 |  52.50   60   8  6 0 0  0  0 |          0  4.645e+14  5.899e+16     0 dip,quiet
 295  1          0    0  446 CRUISE 3 184   8  64   2  416 |  49.50   60  11  5 0 0  0  0 |          0  4.609e+14  5.853e+16     0 dip,quiet
 296  1          0    0  445 CRUISE 3 184   8  64   2  416 |  46.50   59  13  4 0 0  0  0 |          0  4.573e+14  5.808e+16     0 dip,quiet
 297  1          0    0  445 DEFEND 3 256   0   0  32  416 |  43.50   59  16  3 0 0  0  3 |          0  7.259e+15  5.082e+16     0 dip,quiet,release
 298  1  2.466e+15  409  444 DEFEND 3 256   0   0  32  416 |  48.25   59  11  8 0 0  0  2 |          0  8.818e+15  4.446e+16     0 release
 299  1          0    0  442 DEFEND 3 256   0   0  32  416 |  45.25   59  14  7 0 0  0  1 |          0  5.558e+15  3.891e+16     0 dip,quiet,release
 300  1          0    0  441 DEFEND 3 256   0   0  32  416 |  42.25   58  16  6 0 0  0  0 |          0  4.863e+15  3.404e+16     0 dip,quiet,release
 301  1          0    0  440   REST 3 184   8  64   2  416 |  39.25   58  19  5 0 0  5  0 |          0  2.660e+14  3.378e+16     0 dip,quiet,cooldown
 302  1  9.784e+14  398  440   REST 3 184   8  64   2  416 |  42.25   58  16  8 0 0  4  0 |  3.058e+13  9.671e+14  3.376e+16     0 cooldown
 303  1  1.907e+15  406  439   REST 3 184   8  64   2  416 |  46.50   58  12  8 0 0  3  0 |  5.960e+13  1.634e+15  3.397e+16     0 cooldown
 304  1  5.890e+15  419  440   REST 3 184   8  64   2  416 |  53.00   57   4  8 0 1  2  0 |  1.841e+14  4.499e+15  3.518e+16     0 surge,cooldown
 305  1  9.102e+15  425  440   REST 3 184   8  64   2  416 |  59.50   59   0  8 0 2  1  0 |  2.844e+14  6.817e+15  3.718e+16     0 surge,cooldown
 306  1          0    0  441   REST 3 184   8  64   2  416 |  56.50   59   3  7 0 1  0  0 |          0  2.905e+14  3.689e+16     0 dip,quiet,cooldown
 307  1          0    0  441 CRUISE 3 184   8  64   2  416 |  53.50   59   6  6 0 0  0  0 |          0  2.882e+14  3.660e+16     0 dip,quiet
 308  1  4.636e+15  417  441 CRUISE 3 184   8  64   2  416 |  57.75   58   1  8 0 1  0  0 |  1.449e+14  3.618e+15  3.747e+16     0 surge
 309  1  2.076e+15  407  441 CRUISE 3 184   8  64   2  416 |  58.50   58   0  8 0 0  0  0 |  6.488e+13  1.785e+15  3.770e+16     0 -
 310  1  2.851e+15  411  441 CRUISE 3 184   8  64   2  416 |  60.00   60   0  8 0 0  0  0 |  8.909e+13  2.344e+15  3.812e+16     0 -
 311  1          0    0  441 CRUISE 3 184   8  64   2  416 |  57.00   60   3  7 0 0  0  0 |          0  2.978e+14  3.782e+16     0 dip,quiet
 312  1  6.763e+14  394  441 CRUISE 3 184   8  64   2  416 |  54.75   59   5  8 0 0  0  0 |  2.114e+13  7.816e+14  3.769e+16     0 dip
 313  1  2.482e+15  409  441 CRUISE 3 184   8  64   2  416 |  56.75   59   3  8 0 0  0  0 |  7.756e+13  2.078e+15  3.802e+16     0 -
 314  1          0    0  441 CRUISE 3 184   8  64   2  416 |  53.75   59   6  7 0 0  0  0 |          0  2.970e+14  3.772e+16     0 dip,quiet
 315  1  2.158e+15  408  441 CRUISE 3 184   8  64   2  416 |  55.75   59   4  8 0 0  0  0 |  6.745e+13  1.846e+15  3.797e+16     0 -
 316  1  8.458e+14  397  441 CRUISE 3 184   8  64   2  416 |  54.50   58   4  8 0 0  0  0 |  2.643e+13  9.045e+14  3.788e+16     0 -
 317  1          0    0  441 CRUISE 3 184   8  64   2  416 |  51.50   58   7  7 0 0  0  0 |          0  2.960e+14  3.759e+16     0 dip,quiet
 318  1  7.497e+14  395  441 CRUISE 3 184   8  64   2  416 |  50.75   58   8  8 0 0  0  0 |  2.343e+13  8.325e+14  3.748e+16     0 -
 319  1  5.294e+14  392  441 CRUISE 3 184   8  64   2  416 |  49.50   58   9  8 0 0  0  0 |  1.654e+13  6.733e+14  3.732e+16     0 -
 320  1  4.823e+15  417  441 CRUISE 3 184   8  64   2  416 |  54.75   57   3  8 0 1  0  0 |  1.507e+14  3.758e+15  3.823e+16     0 surge
 321  1  3.613e+14  387  441 CRUISE 3 184   8  64   2  416 |  51.75   57   6  8 0 0  0  0 |  1.129e+13  5.584e+14  3.803e+16     0 dip
 322  1          0    0  441 CRUISE 3 184   8  64   2  416 |  48.75   57   9  7 0 0  0  0 |          0  2.971e+14  3.773e+16     0 dip,quiet
 323  1  6.687e+14  394  441 CRUISE 3 184   8  64   2  416 |  48.50   57   9  8 0 0  0  0 |  2.090e+13  7.754e+14  3.760e+16     0 -
 324  1  1.251e+15  401  441 CRUISE 3 184   8  64   2  416 |  50.00   56   6  8 0 0  0  0 |  3.909e+13  1.193e+15  3.762e+16     0 -
 325  1          0    0  441 CRUISE 3 184   8  64   2  416 |  47.00   56   9  7 0 0  0  0 |          0  2.939e+14  3.733e+16     0 dip,quiet
 326  1  1.642e+15  404  441 CRUISE 3 184   8  64   2  416 |  49.75   56   7  8 0 0  0  0 |  5.130e+13  1.472e+15  3.744e+16     0 -
 327  1  2.864e+15  411  441 CRUISE 3 184   8  64   2  416 |  53.50   56   3  8 0 1  0  0 |  8.949e+13  2.351e+15  3.787e+16     0 surge
 328  1  2.755e+14  384  441 CRUISE 3 184   8  64   2  416 |  50.50   55   5  8 0 0  0  0 |  8.608e+12  4.938e+14  3.764e+16     0 dip
 329  1  9.668e+14  398  441 CRUISE 3 184   8  64   2  416 |  50.75   55   5  8 0 0  0  0 |  3.021e+13  9.890e+14  3.759e+16     0 -
 330  1          0    0  441 CRUISE 3 184   8  64   2  416 |  47.75   55   8  7 0 0  0  0 |          0  2.937e+14  3.730e+16     0 dip,quiet
 331  1  1.860e+15  406  441 CRUISE 3 184   8  64   2  416 |  50.75   55   5  8 0 0  0  0 |  5.812e+13  1.628e+15  3.747e+16     0 -
 332  1  3.822e+15  414  441 CRUISE 3 184   8  64   2  416 |  55.00   55   0  8 0 1  0  0 |  1.194e+14  3.040e+15  3.813e+16     0 surge
 333  1  1.124e+15  400  441 CRUISE 3 184   8  64   2  416 |  54.75   55   1  8 0 0  0  0 |  3.513e+13  1.106e+15  3.811e+16     0 -
 334  1  1.186e+15  401  441 CRUISE 3 184   8  64   2  416 |  54.75   55   1  8 0 0  0  0 |  3.707e+13  1.150e+15  3.811e+16     0 -
 335  1  2.938e+15  411  441 CRUISE 3 184   8  64   2  416 |  57.25   57   0  8 0 1  0  0 |  9.181e+13  2.409e+15  3.855e+16     0 surge
 336  1          0    0  441 CRUISE 3 184   8  64   2  416 |  54.25   56   2  7 0 0  0  0 |          0  3.012e+14  3.825e+16     0 dip,quiet
 337  1  2.954e+15  411  441 CRUISE 3 184   8  64   2  416 |  56.75   56   0  8 0 1  0  0 |  9.232e+13  2.422e+15  3.869e+16     0 surge
 338  1  3.710e+15  414  441   BANK 3 108   4 144   2  416 |  59.50   59   0  8 0 2  0  0 |  5.796e+13  1.867e+15  4.047e+16     0 surge
 339  1          0    0  441   BANK 3 124   4 128   2  416 |  56.50   59   3  7 0 1  0  0 |          0  3.162e+14  4.016e+16     0 dip,quiet
 340  1          0    0  441 DEFEND 3 256   0   0  32  416 |  53.50   58   5  6 0 0  0  3 |          0  5.020e+15  3.514e+16     0 dip,quiet,release

launch                 ep  340 settles  340  in 1.955e+18  allow   2.8%  bought  95.4%  left   1.8%  maxRes  56.4 ep  tier 3  clamp 0  {'CRUISE': 181, 'BANK': 16, 'DEFEND': 53, 'REST': 90}
