Cumulative tax crosses 0.009, 0.099 and 1.009 OKB: the allowance ratchet.

  ep dt     inflow  TAX  RES   mode T buy alw res REL CEIL |      A   PK  dd LV W S CD TR |      allow     bought    reserve clamp flags
----------------------------------------------------------------------------------------------------------------------------------------
   1  1  1.000e+15  399    0 CRUISE 0 144  48  64   2  440 |  53.00   53   0  8 3 0  0  0 |  1.875e+14  5.625e+14  2.500e+14     0 warm
   2  1  1.000e+15  399  383 CRUISE 0 144  48  64   2  440 |  53.00   53   0  8 2 0  0  0 |  1.875e+14  5.645e+14  4.980e+14     0 warm
   3  1  1.000e+15  399  391 CRUISE 0 144  48  64   2  440 |  53.00   53   0  8 1 0  0  0 |  1.875e+14  5.664e+14  7.442e+14     0 warm
   4  1  1.000e+15  399  395 CRUISE 0 144  48  64   2  440 |  53.00   53   0  8 0 0  0  0 |  1.875e+14  5.683e+14  9.883e+14     0 warm
   5  1  1.000e+15  399  399 CRUISE 0 144  48  64   2  440 |  53.00   53   0  8 0 0  0  0 |  1.875e+14  5.702e+14  1.231e+15     0 -
   6  1  1.000e+15  399  401 CRUISE 0 144  48  64   2  440 |  53.00   53   0  8 0 0  0  0 |  1.875e+14  5.721e+14  1.471e+15     0 -
   7  1  1.000e+15  399  403 CRUISE 0 144  48  64   2  440 |  53.00   53   0  8 0 0  0  0 |  1.875e+14  5.740e+14  1.710e+15     0 -
   8  1  1.000e+15  399  405 CRUISE 0 144  48  64   2  440 |  53.00   53   0  8 0 0  0  0 |  1.875e+14  5.759e+14  1.946e+15     0 -
   9  1  1.000e+15  399  406 CRUISE 0 144  48  64   2  440 |  53.00   53   0  8 0 0  0  0 |  1.875e+14  5.777e+14  2.181e+15     0 -
  10  1  1.000e+15  399  408 CRUISE 1 160  32  64   2  432 |  53.00   53   0  8 0 0  0  0 |  1.250e+14  6.420e+14  2.414e+15     0 tierup
  11  1  1.000e+15  399  409 CRUISE 1 160  32  64   2  432 |  53.00   53   0  8 0 0  0  0 |  1.250e+14  6.439e+14  2.645e+15     0 -
  12  1  1.000e+15  399  410 CRUISE 1 160  32  64   2  432 |  53.00   53   0  8 0 0  0  0 |  1.250e+14  6.457e+14  2.874e+15     0 -
  13  1  1.000e+15  399  411 CRUISE 1 160  32  64   2  432 |  53.00   53   0  8 0 0  0  0 |  1.250e+14  6.475e+14  3.102e+15     0 -
  14  1  1.000e+15  399  412 CRUISE 1 160  32  64   2  432 |  53.00   53   0  8 0 0  0  0 |  1.250e+14  6.492e+14  3.328e+15     0 -
  15  1  1.000e+15  399  412 CRUISE 1 160  32  64   2  432 |  53.00   53   0  8 0 0  0  0 |  1.250e+14  6.510e+14  3.552e+15     0 -
  16  1  1.000e+15  399  413 CRUISE 1 160  32  64   2  432 |  53.00   53   0  8 0 0  0  0 |  1.250e+14  6.527e+14  3.774e+15     0 -
  17  1  1.000e+15  399  414 CRUISE 1 160  32  64   2  432 |  53.00   53   0  8 0 0  0  0 |  1.250e+14  6.545e+14  3.994e+15     0 -
  18  1  1.000e+15  399  415 CRUISE 1 160  32  64   2  432 |  53.00   53   0  8 0 0  0  0 |  1.250e+14  6.562e+14  4.213e+15     0 -
  19  1  1.000e+15  399  415 CRUISE 1 160  32  64   2  432 |  53.00   53   0  8 0 0  0  0 |  1.250e+14  6.579e+14  4.430e+15     0 -
  20  1  1.000e+15  399  416 CRUISE 1 160  32  64   2  432 |  53.00   53   0  8 0 0  0  0 |  1.250e+14  6.596e+14  4.646e+15     0 -
  21  1  1.000e+15  399  417 CRUISE 1 160  32  64   2  432 |  53.00   53   0  8 0 0  0  0 |  1.250e+14  6.613e+14  4.859e+15     0 -
  22  1  1.000e+15  399  417 CRUISE 1 160  32  64   2  432 |  53.00   53   0  8 0 0  0  0 |  1.250e+14  6.630e+14  5.071e+15     0 -
  23  1  1.000e+15  399  418 CRUISE 1 160  32  64   2  432 |  53.00   53   0  8 0 0  0  0 |  1.250e+14  6.646e+14  5.282e+15     0 -
  24  1  1.000e+15  399  418 CRUISE 1 160  32  64   2  432 |  53.00   53   0  8 0 0  0  0 |  1.250e+14  6.663e+14  5.491e+15     0 -
  25  1  1.000e+15  399  418 CRUISE 1 160  32  64   2  432 |  53.00   53   0  8 0 0  0  0 |  1.250e+14  6.679e+14  5.698e+15     0 -
  26  1  1.000e+15  399  419 CRUISE 1 160  32  64   2  432 |  53.00   53   0  8 0 0  0  0 |  1.250e+14  6.695e+14  5.903e+15     0 -
  27  1  1.000e+15  399  419 CRUISE 1 160  32  64   2  432 |  53.00   53   0  8 0 0  0  0 |  1.250e+14  6.711e+14  6.107e+15     0 -
  28  1  1.000e+15  399  419 CRUISE 1 160  32  64   2  432 |  53.00   53   0  8 0 0  0  0 |  1.250e+14  6.727e+14  6.309e+15     0 -
  29  1  1.000e+15  399  420 CRUISE 1 160  32  64   2  432 |  53.00   53   0  8 0 0  0  0 |  1.250e+14  6.743e+14  6.510e+15     0 -
  30  1  1.000e+15  399  420 CRUISE 1 160  32  64   2  432 |  53.00   53   0  8 0 0  0  0 |  1.250e+14  6.759e+14  6.709e+15     0 -
  31  1  1.000e+16  425  420 CRUISE 1 160  32  64   2  432 |  59.50   59   0  8 0 1  0  0 |  1.250e+15  6.302e+15  9.157e+15     0 surge
  32  1  1.000e+16  425  425   BANK 1  64  16 176   2  432 |  64.25   64   0  8 0 2  0  0 |  6.250e+14  2.572e+15  1.596e+16     0 surge
  33  1  1.000e+16  425  431   BANK 1  84  16 156   2  432 |  67.75   67   0  8 0 3  0  0 |  6.250e+14  3.406e+15  2.193e+16     0 surge
  34  1  1.000e+16  425  434   BANK 1  96  16 144   2  432 |  70.50   70   0  8 0 3  0  0 |  6.250e+14  3.921e+15  2.738e+16     0 surge
  35  1  1.000e+16  425  437   BANK 1 108  16 132   2  432 |  72.50   72   0  8 0 3  0  0 |  6.250e+14  4.433e+15  3.233e+16     0 surge
  36  1  1.000e+16  425  439   BANK 1 112  16 128   2  432 |  74.00   74   0  8 0 2  0  0 |  6.250e+14  4.628e+15  3.707e+16     0 -
  37  1  1.000e+16  425  441   BANK 2 120   8 128   2  424 |  75.25   75   0  8 0 1  0  0 |  3.125e+14  4.977e+15  4.178e+16     0 tierup
  38  1  1.000e+16  425  442 CRUISE 2 176  16  64   2  424 |  76.00   76   0  8 0 0  0  0 |  6.250e+14  7.201e+15  4.396e+16     0 -
  39  1  1.000e+16  425  442 CRUISE 2 176  16  64   2  424 |  76.75   76   0  8 0 0  0  0 |  6.250e+14  7.218e+15  4.611e+16     0 -
  40  1  1.000e+16  425  443 CRUISE 2 176  16  64   2  424 |  77.25   77   0  8 0 0  0  0 |  6.250e+14  7.235e+15  4.825e+16     0 -
  41  1  1.000e+16  425  443 CRUISE 2 176  16  64   2  424 |  77.50   77   0  8 0 0  0  0 |  6.250e+14  7.252e+15  5.038e+16     0 -
  42  1  1.000e+16  425  444 CRUISE 2 176  16  64   2  424 |  77.75   77   0  8 0 0  0  0 |  6.250e+14  7.269e+15  5.248e+16     0 -
  43  1  1.000e+16  425  444 CRUISE 2 176  16  64   2  424 |  78.00   78   0  8 0 0  0  0 |  6.250e+14  7.285e+15  5.457e+16     0 -
  44  1  1.000e+16  425  445 CRUISE 2 176  16  64   2  424 |  78.25   78   0  8 0 0  0  0 |  6.250e+14  7.301e+15  5.665e+16     0 -
  45  1  1.000e+16  425  445 CRUISE 2 176  16  64   2  424 |  78.25   78   0  8 0 0  0  0 |  6.250e+14  7.318e+15  5.870e+16     0 -
  46  1  1.000e+16  425  446 CRUISE 2 176  16  64   2  424 |  78.25   78   0  8 0 0  0  0 |  6.250e+14  7.334e+15  6.074e+16     0 -
  47  1  1.000e+16  425  446 CRUISE 2 176  16  64   2  424 |  78.25   78   0  8 0 0  0  0 |  6.250e+14  7.350e+15  6.277e+16     0 -
  48  1  1.000e+16  425  446 CRUISE 2 176  16  64   2  424 |  78.25   78   0  8 0 0  0  0 |  6.250e+14  7.365e+15  6.478e+16     0 -
  49  1  1.000e+16  425  447 CRUISE 2 176  16  64   2  424 |  78.25   78   0  8 0 0  0  0 |  6.250e+14  7.381e+15  6.677e+16     0 -
  50  1  1.000e+16  425  447 CRUISE 2 176  16  64   2  424 |  78.25   78   0  8 0 0  0  0 |  6.250e+14  7.397e+15  6.875e+16     0 -
  51  1  1.000e+16  425  448 CRUISE 2 176  16  64   2  424 |  78.25   78   0  8 0 0  0  0 |  6.250e+14  7.412e+15  7.072e+16     0 -
  52  1  1.000e+16  425  448 CRUISE 2 176  16  64   2  424 |  78.25   78   0  8 0 0  0  0 |  6.250e+14  7.427e+15  7.266e+16     0 -
  53  1  1.000e+16  425  449 CRUISE 2 176  16  64   2  424 |  78.25   78   0  8 0 0  0  0 |  6.250e+14  7.443e+15  7.459e+16     0 -
  54  1  1.000e+16  425  449 CRUISE 2 176  16  64   2  424 |  78.25   78   0  8 0 0  0  0 |  6.250e+14  7.458e+15  7.651e+16     0 -
  55  1  1.000e+16  425  449 CRUISE 2 176  16  64   2  424 |  78.25   78   0  8 0 0  0  0 |  6.250e+14  7.473e+15  7.841e+16     0 -
  56  1  1.000e+16  425  449 CRUISE 2 176  16  64   2  424 |  78.25   78   0  8 0 0  0  0 |  6.250e+14  7.488e+15  8.030e+16     0 -
  57  1  1.000e+16  425  449 CRUISE 2 176  16  64   2  424 |  78.25   78   0  8 0 0  0  0 |  6.250e+14  7.502e+15  8.217e+16     0 -
  58  1  1.000e+16  425  450 CRUISE 2 176  16  64   2  424 |  78.25   78   0  8 0 0  0  0 |  6.250e+14  7.517e+15  8.403e+16     0 -
  59  1  1.000e+16  425  450 CRUISE 2 176  16  64   2  424 |  78.25   78   0  8 0 0  0  0 |  6.250e+14  7.532e+15  8.588e+16     0 -
  60  1  1.000e+16  425  450 CRUISE 2 176  16  64   2  424 |  78.25   78   0  8 0 0  0  0 |  6.250e+14  7.546e+15  8.771e+16     0 -
  61  1  1.000e+17  452  450 CRUISE 2 176  16  64   2  424 |  85.00   85   0  8 0 1  0  0 |  6.250e+15  6.944e+16  1.120e+17     0 surge
  62  1  1.000e+17  452  453   BANK 2  68   8 180   2  424 |  90.25   90   0  8 0 2  0  0 |  3.125e+15  2.744e+16  1.815e+17     0 surge
  63  1  1.000e+17  452  459   BANK 2  88   8 160   2  424 |  94.00   94   0  8 0 3  0  0 |  3.125e+15  3.579e+16  2.425e+17     0 surge
  64  1  1.000e+17  452  462   BANK 2 104   8 144   2  424 |  97.00   97   0  8 0 3  0  0 |  3.125e+15  4.252e+16  2.969e+17     0 surge
  65  1  1.000e+17  452  465   BANK 2 116   8 132   2  424 |  99.25   99   0  8 0 3  0  0 |  3.125e+15  4.763e+16  3.461e+17     0 surge
  66  1  1.000e+17  452  466   BANK 2 120   8 128   2  424 | 100.75  100   0  8 0 2  0  0 |  3.125e+15  4.958e+16  3.934e+17     0 -
  67  1  1.000e+17  452  467   BANK 3 124   4 128   2  416 | 102.00  102   0  8 0 1  0  0 |  1.562e+15  5.151e+16  4.404e+17     0 tierup
  68  1  1.000e+17  452  469 CRUISE 3 184   8  64   2  416 | 103.00  103   0  8 0 0  0  0 |  3.125e+15  7.532e+16  4.619e+17     0 -
  69  1  1.000e+17  452  469 CRUISE 3 184   8  64   2  416 | 103.75  103   0  8 0 0  0  0 |  3.125e+15  7.548e+16  4.833e+17     0 -
  70  1  1.000e+17  452  470 CRUISE 3 184   8  64   2  416 | 104.25  104   0  8 0 0  0  0 |  3.125e+15  7.565e+16  5.045e+17     0 -
  71  1  1.000e+17  452  471 CRUISE 3 184   8  64   2  416 | 104.50  104   0  8 0 0  0  0 |  3.125e+15  7.582e+16  5.256e+17     0 -
  72  1  1.000e+17  452  471 CRUISE 3 184   8  64   2  416 | 104.75  104   0  8 0 0  0  0 |  3.125e+15  7.598e+16  5.465e+17     0 -
  73  1  1.000e+17  452  472 CRUISE 3 184   8  64   2  416 | 105.00  105   0  8 0 0  0  0 |  3.125e+15  7.614e+16  5.672e+17     0 -
  74  1  1.000e+17  452  472 CRUISE 3 184   8  64   2  416 | 105.25  105   0  8 0 0  0  0 |  3.125e+15  7.631e+16  5.878e+17     0 -
  75  1  1.000e+17  452  473 CRUISE 3 184   8  64   2  416 | 105.25  105   0  8 0 0  0  0 |  3.125e+15  7.647e+16  6.082e+17     0 -
  76  1  1.000e+17  452  473 CRUISE 3 184   8  64   2  416 | 105.25  105   0  8 0 0  0  0 |  3.125e+15  7.663e+16  6.284e+17     0 -
  77  1  1.000e+17  452  473 CRUISE 3 184   8  64   2  416 | 105.25  105   0  8 0 0  0  0 |  3.125e+15  7.678e+16  6.485e+17     0 -
  78  1  1.000e+17  452  474 CRUISE 3 184   8  64   2  416 | 105.25  105   0  8 0 0  0  0 |  3.125e+15  7.694e+16  6.685e+17     0 -
  79  1  1.000e+17  452  474 CRUISE 3 184   8  64   2  416 | 105.25  105   0  8 0 0  0  0 |  3.125e+15  7.710e+16  6.882e+17     0 -
  80  1  1.000e+17  452  474 CRUISE 3 184   8  64   2  416 | 105.25  105   0  8 0 0  0  0 |  3.125e+15  7.725e+16  7.079e+17     0 -
  81  1  1.000e+17  452  474 CRUISE 3 184   8  64   2  416 | 105.25  105   0  8 0 0  0  0 |  3.125e+15  7.741e+16  7.273e+17     0 -
  82  1  1.000e+17  452  475 CRUISE 3 184   8  64   2  416 | 105.25  105   0  8 0 0  0  0 |  3.125e+15  7.756e+16  7.467e+17     0 -
  83  1  1.000e+17  452  475 CRUISE 3 184   8  64   2  416 | 105.25  105   0  8 0 0  0  0 |  3.125e+15  7.771e+16  7.658e+17     0 -
  84  1  1.000e+17  452  475 CRUISE 3 184   8  64   2  416 | 105.25  105   0  8 0 0  0  0 |  3.125e+15  7.786e+16  7.848e+17     0 -
  85  1  1.000e+17  452  475 CRUISE 3 184   8  64   2  416 | 105.25  105   0  8 0 0  0  0 |  3.125e+15  7.801e+16  8.037e+17     0 -
  86  1  1.000e+17  452  476 CRUISE 3 184   8  64   2  416 | 105.25  105   0  8 0 0  0  0 |  3.125e+15  7.815e+16  8.224e+17     0 -
  87  1  1.000e+17  452  476 CRUISE 3 184   8  64   2  416 | 105.25  105   0  8 0 0  0  0 |  3.125e+15  7.830e+16  8.410e+17     0 -
  88  1  1.000e+17  452  476 CRUISE 3 184   8  64   2  416 | 105.25  105   0  8 0 0  0  0 |  3.125e+15  7.845e+16  8.594e+17     0 -
  89  1  1.000e+17  452  476 CRUISE 3 184   8  64   2  416 | 105.25  105   0  8 0 0  0  0 |  3.125e+15  7.859e+16  8.777e+17     0 -
  90  1  1.000e+17  452  477 CRUISE 3 184   8  64   2  416 | 105.25  105   0  8 0 0  0  0 |  3.125e+15  7.873e+16  8.959e+17     0 -
  91  1  1.000e+18  478  477 CRUISE 3 184   8  64   2  416 | 111.75  111   0  8 0 1  0  0 |  4.222e+15  7.257e+17  1.166e+18     0 surge
  92  1  1.000e+18  478  481   BANK 3  72   4 180   2  416 | 116.75  116   0  8 0 2  0  0 |  4.222e+15  2.904e+17  1.871e+18     0 surge
  93  1  1.000e+18  478  485   BANK 3  92   4 160   2  416 | 120.50  120   0  8 0 3  0  0 |  4.222e+15  3.740e+17  2.493e+18     0 surge
  94  1  1.000e+18  478  489   BANK 3 108   4 144   2  416 | 123.25  123   0  8 0 3  0  0 |  4.222e+15  4.414e+17  3.048e+18     0 surge
  95  1  1.000e+18  478  491   BANK 3 120   4 132   2  416 | 125.25  125   0  8 0 3  0  0 |  4.222e+15  4.926e+17  3.551e+18     0 surge
  96  1  1.000e+18  478  493   BANK 3 124   4 128   2  416 | 126.75  126   0  8 0 2  0  0 |  4.222e+15  5.121e+17  4.034e+18     0 -
  97  1  1.000e+18  478  494   BANK 3 124   4 128   2  416 | 128.00  128   0  8 0 1  0  0 |  4.222e+15  5.159e+17  4.514e+18     0 -
  98  1  1.000e+18  478  496 CRUISE 3 184   8  64   2  416 | 129.00  129   0  8 0 0  0  0 |  4.222e+15  7.540e+17  4.756e+18     0 -
  99  1  1.000e+18  478  497 CRUISE 3 184   8  64   2  416 | 129.75  129   0  8 0 0  0  0 |  4.222e+15  7.559e+17  4.996e+18     0 -
 100  1  1.000e+18  478  497 CRUISE 3 184   8  64   2  416 | 130.25  130   0  8 0 0  0  0 |  4.222e+15  7.578e+17  5.234e+18     0 -
 101  1  1.000e+18  478  498 CRUISE 3 184   8  64   2  416 | 130.50  130   0  8 0 0  0  0 |  4.222e+15  7.596e+17  5.470e+18     0 -
 102  1  1.000e+18  478  498 CRUISE 3 184   8  64   2  416 | 130.75  130   0  8 0 0  0  0 |  4.222e+15  7.615e+17  5.704e+18     0 -
 103  1  1.000e+18  478  498 CRUISE 3 184   8  64   2  416 | 131.00  131   0  8 0 0  0  0 |  4.222e+15  7.633e+17  5.937e+18     0 -
 104  1  1.000e+18  478  499 CRUISE 3 184   8  64   2  416 | 131.25  131   0  8 0 0  0  0 |  4.222e+15  7.651e+17  6.167e+18     0 -
 105  1  1.000e+18  478  499 CRUISE 3 184   8  64   2  416 | 131.25  131   0  8 0 0  0  0 |  4.222e+15  7.669e+17  6.396e+18     0 -
 106  1  1.000e+18  478  500 CRUISE 3 184   8  64   2  416 | 131.25  131   0  8 0 0  0  0 |  4.222e+15  7.687e+17  6.623e+18     0 -
 107  1  1.000e+18  478  500 CRUISE 3 184   8  64   2  416 | 131.25  131   0  8 0 0  0  0 |  4.222e+15  7.705e+17  6.849e+18     0 -
 108  1  1.000e+18  478  500 CRUISE 3 184   8  64   2  416 | 131.25  131   0  8 0 0  0  0 |  4.222e+15  7.723e+17  7.072e+18     0 -
 109  1  1.000e+18  478  501 CRUISE 3 184   8  64   2  416 | 131.25  131   0  8 0 0  0  0 |  4.222e+15  7.740e+17  7.294e+18     0 -
 110  1  1.000e+18  478  501 CRUISE 3 184   8  64   2  416 | 131.25  131   0  8 0 0  0  0 |  4.222e+15  7.757e+17  7.514e+18     0 -
 111  1  1.000e+18  478  502 CRUISE 3 184   8  64   2  416 | 131.25  131   0  8 0 0  0  0 |  4.222e+15  7.775e+17  7.732e+18     0 -
 112  1  1.000e+18  478  502 CRUISE 3 184   8  64   2  416 | 131.25  131   0  8 0 0  0  0 |  4.222e+15  7.792e+17  7.949e+18     0 -
 113  1  1.000e+18  478  502 CRUISE 3 184   8  64   2  416 | 131.25  131   0  8 0 0  0  0 |  4.222e+15  7.809e+17  8.164e+18     0 -
 114  1  1.000e+18  478  503 CRUISE 3 184   8  64   2  416 | 131.25  131   0  8 0 0  0  0 |  4.222e+15  7.825e+17  8.377e+18     0 -
 115  1  1.000e+18  478  503 CRUISE 3 184   8  64   2  416 | 131.25  131   0  8 0 0  0  0 |  4.222e+15  7.842e+17  8.589e+18     0 -
 116  1  1.000e+18  478  503 CRUISE 3 184   8  64   2  416 | 131.25  131   0  8 0 0  0  0 |  4.222e+15  7.858e+17  8.799e+18     0 -
 117  1  1.000e+18  478  504 CRUISE 3 184   8  64   2  416 | 131.25  131   0  8 0 0  0  0 |  4.222e+15  7.875e+17  9.007e+18     0 -
 118  1  1.000e+18  478  504 CRUISE 3 184   8  64   2  416 | 131.25  131   0  8 0 0  0  0 |  4.222e+15  7.891e+17  9.214e+18     0 -
 119  1  1.000e+18  478  504 CRUISE 3 184   8  64   2  416 | 131.25  131   0  8 0 0  0  0 |  4.222e+15  7.907e+17  9.419e+18     0 -
 120  1  1.000e+18  478  505 CRUISE 3 184   8  64   2  416 | 131.25  131   0  8 0 0  0  0 |  4.222e+15  7.923e+17  9.622e+18     0 -

milestones             ep  120 settles  120  in 3.333e+19  allow   0.7%  bought  70.4%  left  28.9%  maxRes  34.6 ep  tier 3  clamp 0  {'CRUISE': 102, 'BANK': 18}
