Neither evaluator answers from epoch 100 to 139. settle() reverts for 15 epochs (the tax waits in the vault), then the fallback word routes until the evaluator is back.

  ep dt     inflow      echo  TAX  RES   mode T buy alw res REL CEIL |      A   PK  dd LV W S CD TR |      allow    decided     bought    reserve clamp   kernel flags
----------------------------------------------------------------------------------------------------------------------------------------------------------------------
   1  1  5.000e+15         0  417    0 CRUISE 0 144  48  64   2  440 |  71.00   71   0  8 3 0  0  0 |  9.375e+14  2.812e+15  2.812e+15  1.250e+15     0        - warm
   2  1  5.084e+15 8.438e+13  418  401 CRUISE 1 160  32  64   2  432 |  72.00   72   0  8 2 0  0  0 |  6.355e+14  3.188e+15  3.188e+15  2.511e+15     0        - tierup,warm
   3  1  5.096e+15 9.562e+13  418  409 CRUISE 1 160  32  64   2  432 |  72.00   72   0  8 1 0  0  0 |  6.370e+14  3.204e+15  3.204e+15  3.766e+15     0        - warm
   4  1  5.096e+15 9.613e+13  418  414 CRUISE 1 160  32  64   2  432 |  72.00   72   0  8 0 0  0  0 |  6.370e+14  3.215e+15  3.215e+15  5.010e+15     0        - warm
   5  1  5.096e+15 9.644e+13  418  417 CRUISE 1 160  32  64   2  432 |  72.00   72   0  8 0 0  0  0 |  6.371e+14  3.224e+15  3.224e+15  6.245e+15     0        - -
   6  1  5.097e+15 9.673e+13  418  420 CRUISE 1 160  32  64   2  432 |  72.00   72   0  8 0 0  0  0 |  6.371e+14  3.234e+15  3.234e+15  7.471e+15     0        - -
   7  1  5.097e+15 9.703e+13  418  422 CRUISE 1 160  32  64   2  432 |  72.00   72   0  8 0 0  0  0 |  6.371e+14  3.244e+15  3.244e+15  8.686e+15     0        - -
   8  1  5.097e+15 9.732e+13  418  424 CRUISE 1 160  32  64   2  432 |  72.00   72   0  8 0 0  0  0 |  6.372e+14  3.254e+15  3.254e+15  9.893e+15     0        - -
   9  1  5.098e+15 9.761e+13  418  425 CRUISE 1 160  32  64   2  432 |  72.00   72   0  8 0 0  0  0 |  6.372e+14  3.263e+15  3.263e+15  1.109e+16     0        - -
  10  1  5.098e+15 9.790e+13  418  426 CRUISE 1 160  32  64   2  432 |  72.00   72   0  8 0 0  0  0 |  6.372e+14  3.273e+15  3.273e+15  1.228e+16     0        - -
  11  1  5.098e+15 9.818e+13  418  427 CRUISE 1 160  32  64   2  432 |  72.00   72   0  8 0 0  0  0 |  6.373e+14  3.282e+15  3.282e+15  1.346e+16     0        - -
  12  1  5.098e+15 9.847e+13  418  428 CRUISE 1 160  32  64   2  432 |  72.00   72   0  8 0 0  0  0 |  6.373e+14  3.292e+15  3.292e+15  1.463e+16     0        - -
  13  1  5.099e+15 9.875e+13  418  429 CRUISE 1 160  32  64   2  432 |  72.00   72   0  8 0 0  0  0 |  6.373e+14  3.301e+15  3.301e+15  1.579e+16     0        - -
  14  1  5.099e+15 9.903e+13  418  431 CRUISE 1 160  32  64   2  432 |  72.00   72   0  8 0 0  0  0 |  6.374e+14  3.310e+15  3.310e+15  1.694e+16     0        - -
  15  1  5.099e+15 9.931e+13  418  432 CRUISE 1 160  32  64   2  432 |  72.00   72   0  8 0 0  0  0 |  6.374e+14  3.319e+15  3.319e+15  1.808e+16     0        - -
  16  1  5.100e+15 9.958e+13  418  433 CRUISE 1 160  32  64   2  432 |  72.00   72   0  8 0 0  0  0 |  6.374e+14  3.328e+15  3.328e+15  1.921e+16     0        - -
  17  1  5.100e+15 9.985e+13  418  433 CRUISE 1 160  32  64   2  432 |  72.00   72   0  8 0 0  0  0 |  6.375e+14  3.338e+15  3.338e+15  2.034e+16     0        - -
  18  1  5.100e+15 1.001e+14  418  434 CRUISE 1 160  32  64   2  432 |  72.00   72   0  8 0 0  0  0 |  6.375e+14  3.346e+15  3.346e+15  2.145e+16     0        - -
  19  1  5.100e+15 1.004e+14  418  434 CRUISE 1 160  32  64   2  432 |  72.00   72   0  8 0 0  0  0 |  6.375e+14  3.355e+15  3.355e+15  2.256e+16     0        - -
  20  1  5.101e+15 1.007e+14  418  435 CRUISE 2 176  16  64   2  424 |  72.00   72   0  8 0 0  0  0 |  3.188e+14  3.683e+15  3.683e+15  2.366e+16     0        - tierup
  21  1  5.110e+15 1.105e+14  418  435 CRUISE 2 176  16  64   2  424 |  72.00   72   0  8 0 0  0  0 |  3.194e+14  3.698e+15  3.698e+15  2.475e+16     0        - -
  22  1  5.111e+15 1.109e+14  418  435 CRUISE 2 176  16  64   2  424 |  72.00   72   0  8 0 0  0  0 |  3.194e+14  3.707e+15  3.707e+15  2.584e+16     0        - -
  23  1  5.111e+15 1.112e+14  418  436 CRUISE 2 176  16  64   2  424 |  72.00   72   0  8 0 0  0  0 |  3.195e+14  3.716e+15  3.716e+15  2.691e+16     0        - -
  24  1  5.111e+15 1.115e+14  418  436 CRUISE 2 176  16  64   2  424 |  72.00   72   0  8 0 0  0  0 |  3.195e+14  3.724e+15  3.724e+15  2.798e+16     0        - -
  25  1  5.112e+15 1.117e+14  418  437 CRUISE 2 176  16  64   2  424 |  72.00   72   0  8 0 0  0  0 |  3.195e+14  3.733e+15  3.733e+15  2.904e+16     0        - -
  26  1  5.112e+15 1.120e+14  418  437 CRUISE 2 176  16  64   2  424 |  72.00   72   0  8 0 0  0  0 |  3.195e+14  3.741e+15  3.741e+15  3.009e+16     0        - -
  27  1  5.112e+15 1.122e+14  418  438 CRUISE 2 176  16  64   2  424 |  72.00   72   0  8 0 0  0  0 |  3.195e+14  3.750e+15  3.750e+15  3.114e+16     0        - -
  28  1  5.112e+15 1.125e+14  418  438 CRUISE 2 176  16  64   2  424 |  72.00   72   0  8 0 0  0  0 |  3.195e+14  3.758e+15  3.758e+15  3.217e+16     0        - -
  29  1  5.113e+15 1.127e+14  418  439 CRUISE 2 176  16  64   2  424 |  72.00   72   0  8 0 0  0  0 |  3.195e+14  3.766e+15  3.766e+15  3.320e+16     0        - -
  30  1  5.113e+15 1.130e+14  418  439 CRUISE 2 176  16  64   2  424 |  72.00   72   0  8 0 0  0  0 |  3.196e+14  3.775e+15  3.775e+15  3.422e+16     0        - -
  31  1  5.113e+15 1.132e+14  418  440 CRUISE 2 176  16  64   2  424 |  72.00   72   0  8 0 0  0  0 |  3.196e+14  3.783e+15  3.783e+15  3.523e+16     0        - -
  32  1  5.113e+15 1.135e+14  418  440 CRUISE 2 176  16  64   2  424 |  72.00   72   0  8 0 0  0  0 |  3.196e+14  3.791e+15  3.791e+15  3.623e+16     0        - -
  33  1  5.114e+15 1.137e+14  418  441 CRUISE 2 176  16  64   2  424 |  72.00   72   0  8 0 0  0  0 |  3.196e+14  3.799e+15  3.799e+15  3.723e+16     0        - -
  34  1  5.114e+15 1.140e+14  418  441 CRUISE 2 176  16  64   2  424 |  72.00   72   0  8 0 0  0  0 |  3.196e+14  3.807e+15  3.807e+15  3.821e+16     0        - -
  35  1  5.114e+15 1.142e+14  418  441 CRUISE 2 176  16  64   2  424 |  72.00   72   0  8 0 0  0  0 |  3.196e+14  3.815e+15  3.815e+15  3.919e+16     0        - -
  36  1  5.114e+15 1.144e+14  418  441 CRUISE 2 176  16  64   2  424 |  72.00   72   0  8 0 0  0  0 |  3.197e+14  3.822e+15  3.822e+15  4.017e+16     0        - -
  37  1  5.115e+15 1.147e+14  418  441 CRUISE 2 176  16  64   2  424 |  72.00   72   0  8 0 0  0  0 |  3.197e+14  3.830e+15  3.830e+15  4.113e+16     0        - -
  38  1  5.115e+15 1.149e+14  418  442 CRUISE 2 176  16  64   2  424 |  72.00   72   0  8 0 0  0  0 |  3.197e+14  3.838e+15  3.838e+15  4.209e+16     0        - -
  39  1  5.115e+15 1.151e+14  418  442 CRUISE 2 176  16  64   2  424 |  72.00   72   0  8 0 0  0  0 |  3.197e+14  3.845e+15  3.845e+15  4.304e+16     0        - -
  40  1  5.115e+15 1.154e+14  418  442 CRUISE 2 176  16  64   2  424 |  72.00   72   0  8 0 0  0  0 |  3.197e+14  3.853e+15  3.853e+15  4.398e+16     0        - -
  41  1  5.116e+15 1.156e+14  418  442 CRUISE 2 176  16  64   2  424 |  72.00   72   0  8 0 0  0  0 |  3.197e+14  3.861e+15  3.861e+15  4.492e+16     0        - -
  42  1  5.116e+15 1.158e+14  418  442 CRUISE 2 176  16  64   2  424 |  72.00   72   0  8 0 0  0  0 |  3.197e+14  3.868e+15  3.868e+15  4.584e+16     0        - -
  43  1  5.116e+15 1.160e+14  418  443 CRUISE 2 176  16  64   2  424 |  72.00   72   0  8 0 0  0  0 |  3.198e+14  3.875e+15  3.875e+15  4.676e+16     0        - -
  44  1  5.116e+15 1.163e+14  418  443 CRUISE 2 176  16  64   2  424 |  72.00   72   0  8 0 0  0  0 |  3.198e+14  3.883e+15  3.883e+15  4.768e+16     0        - -
  45  1  5.116e+15 1.165e+14  418  443 CRUISE 2 176  16  64   2  424 |  72.00   72   0  8 0 0  0  0 |  3.198e+14  3.890e+15  3.890e+15  4.859e+16     0        - -
  46  1  5.117e+15 1.167e+14  418  443 CRUISE 2 176  16  64   2  424 |  72.00   72   0  8 0 0  0  0 |  3.198e+14  3.897e+15  3.897e+15  4.948e+16     0        - -
  47  1  5.117e+15 1.169e+14  418  443 CRUISE 2 176  16  64   2  424 |  72.00   72   0  8 0 0  0  0 |  3.198e+14  3.904e+15  3.904e+15  5.038e+16     0        - -
  48  1  5.117e+15 1.171e+14  418  444 CRUISE 2 176  16  64   2  424 |  72.00   72   0  8 0 0  0  0 |  3.198e+14  3.912e+15  3.912e+15  5.126e+16     0        - -
  49  1  5.117e+15 1.173e+14  418  444 CRUISE 2 176  16  64   2  424 |  72.00   72   0  8 0 0  0  0 |  3.198e+14  3.919e+15  3.919e+15  5.214e+16     0        - -
  50  1  5.118e+15 1.176e+14  418  444 CRUISE 2 176  16  64   2  424 |  72.00   72   0  8 0 0  0  0 |  3.198e+14  3.926e+15  3.926e+15  5.301e+16     0        - -
  51  1  5.118e+15 1.178e+14  418  444 CRUISE 2 176  16  64   2  424 |  72.00   72   0  8 0 0  0  0 |  3.199e+14  3.933e+15  3.933e+15  5.388e+16     0        - -
  52  1  5.118e+15 1.180e+14  418  444 CRUISE 2 176  16  64   2  424 |  72.00   72   0  8 0 0  0  0 |  3.199e+14  3.940e+15  3.940e+15  5.474e+16     0        - -
  53  1  5.118e+15 1.182e+14  418  445 CRUISE 2 176  16  64   2  424 |  72.00   72   0  8 0 0  0  0 |  3.199e+14  3.946e+15  3.946e+15  5.559e+16     0        - -
  54  1  5.118e+15 1.184e+14  418  445 CRUISE 2 176  16  64   2  424 |  72.00   72   0  8 0 0  0  0 |  3.199e+14  3.953e+15  3.953e+15  5.643e+16     0        - -
  55  1  5.119e+15 1.186e+14  418  445 CRUISE 2 176  16  64   2  424 |  72.00   72   0  8 0 0  0  0 |  3.199e+14  3.960e+15  3.960e+15  5.727e+16     0        - -
  56  1  5.119e+15 1.188e+14  418  445 CRUISE 2 176  16  64   2  424 |  72.00   72   0  8 0 0  0  0 |  3.199e+14  3.967e+15  3.967e+15  5.811e+16     0        - -
  57  1  5.119e+15 1.190e+14  418  445 CRUISE 2 176  16  64   2  424 |  72.00   72   0  8 0 0  0  0 |  3.199e+14  3.973e+15  3.973e+15  5.893e+16     0        - -
  58  1  5.119e+15 1.192e+14  418  446 CRUISE 2 176  16  64   2  424 |  72.00   72   0  8 0 0  0  0 |  3.199e+14  3.980e+15  3.980e+15  5.975e+16     0        - -
  59  1  5.119e+15 1.194e+14  418  446 CRUISE 2 176  16  64   2  424 |  72.00   72   0  8 0 0  0  0 |  3.200e+14  3.986e+15  3.986e+15  6.056e+16     0        - -
  60  1  5.120e+15 1.196e+14  418  446 CRUISE 2 176  16  64   2  424 |  72.00   72   0  8 0 0  0  0 |  3.200e+14  3.993e+15  3.993e+15  6.137e+16     0        - -
  61  1  5.120e+15 1.198e+14  418  446 CRUISE 2 176  16  64   2  424 |  72.00   72   0  8 0 0  0  0 |  3.200e+14  3.999e+15  3.999e+15  6.217e+16     0        - -
  62  1  5.120e+15 1.200e+14  418  446 CRUISE 2 176  16  64   2  424 |  72.00   72   0  8 0 0  0  0 |  3.200e+14  4.006e+15  4.006e+15  6.297e+16     0        - -
  63  1  5.120e+15 1.202e+14  418  446 CRUISE 2 176  16  64   2  424 |  72.00   72   0  8 0 0  0  0 |  3.200e+14  4.012e+15  4.012e+15  6.375e+16     0        - -
  64  1  5.120e+15 1.204e+14  418  447 CRUISE 2 176  16  64   2  424 |  72.00   72   0  8 0 0  0  0 |  3.200e+14  4.018e+15  4.018e+15  6.454e+16     0        - -
  65  1  5.121e+15 1.205e+14  418  447 CRUISE 2 176  16  64   2  424 |  72.00   72   0  8 0 0  0  0 |  3.200e+14  4.025e+15  4.025e+15  6.531e+16     0        - -
  66  1  5.121e+15 1.207e+14  418  447 CRUISE 2 176  16  64   2  424 |  72.00   72   0  8 0 0  0  0 |  3.200e+14  4.031e+15  4.031e+15  6.608e+16     0        - -
  67  1  5.121e+15 1.209e+14  418  447 CRUISE 2 176  16  64   2  424 |  72.00   72   0  8 0 0  0  0 |  3.201e+14  4.037e+15  4.037e+15  6.685e+16     0        - -
  68  1  5.121e+15 1.211e+14  418  447 CRUISE 2 176  16  64   2  424 |  72.00   72   0  8 0 0  0  0 |  3.201e+14  4.043e+15  4.043e+15  6.760e+16     0        - -
  69  1  5.121e+15 1.213e+14  418  448 CRUISE 2 176  16  64   2  424 |  72.00   72   0  8 0 0  0  0 |  3.201e+14  4.049e+15  4.049e+15  6.836e+16     0        - -
  70  1  5.121e+15 1.215e+14  418  448 CRUISE 2 176  16  64   2  424 |  72.00   72   0  8 0 0  0  0 |  3.201e+14  4.055e+15  4.055e+15  6.910e+16     0        - -
  71  1  5.122e+15 1.217e+14  418  448 CRUISE 2 176  16  64   2  424 |  72.00   72   0  8 0 0  0  0 |  3.201e+14  4.061e+15  4.061e+15  6.984e+16     0        - -
  72  1  5.122e+15 1.218e+14  418  448 CRUISE 2 176  16  64   2  424 |  72.00   72   0  8 0 0  0  0 |  3.201e+14  4.067e+15  4.067e+15  7.058e+16     0        - -
  73  1  5.122e+15 1.220e+14  418  448 CRUISE 2 176  16  64   2  424 |  72.00   72   0  8 0 0  0  0 |  3.201e+14  4.073e+15  4.073e+15  7.131e+16     0        - -
  74  1  5.122e+15 1.222e+14  418  448 CRUISE 2 176  16  64   2  424 |  72.00   72   0  8 0 0  0  0 |  3.201e+14  4.079e+15  4.079e+15  7.203e+16     0        - -
  75  1  5.122e+15 1.224e+14  418  448 CRUISE 2 176  16  64   2  424 |  72.00   72   0  8 0 0  0  0 |  3.201e+14  4.084e+15  4.084e+15  7.275e+16     0        - -
  76  1  5.123e+15 1.225e+14  418  449 CRUISE 2 176  16  64   2  424 |  72.00   72   0  8 0 0  0  0 |  3.202e+14  4.090e+15  4.090e+15  7.346e+16     0        - -
  77  1  5.123e+15 1.227e+14  418  449 CRUISE 2 176  16  64   2  424 |  72.00   72   0  8 0 0  0  0 |  3.202e+14  4.096e+15  4.096e+15  7.417e+16     0        - -
  78  1  5.123e+15 1.229e+14  418  449 CRUISE 2 176  16  64   2  424 |  72.00   72   0  8 0 0  0  0 |  3.202e+14  4.101e+15  4.101e+15  7.487e+16     0        - -
  79  1  5.123e+15 1.230e+14  418  449 CRUISE 2 176  16  64   2  424 |  72.00   72   0  8 0 0  0  0 |  3.202e+14  4.107e+15  4.107e+15  7.556e+16     0        - -
  80  1  5.123e+15 1.232e+14  418  449 CRUISE 2 176  16  64   2  424 |  72.00   72   0  8 0 0  0  0 |  3.202e+14  4.113e+15  4.113e+15  7.625e+16     0        - -
  81  1  5.123e+15 1.234e+14  418  449 CRUISE 2 176  16  64   2  424 |  72.00   72   0  8 0 0  0  0 |  3.202e+14  4.118e+15  4.118e+15  7.694e+16     0        - -
  82  1  5.124e+15 1.235e+14  418  449 CRUISE 2 176  16  64   2  424 |  72.00   72   0  8 0 0  0  0 |  3.202e+14  4.124e+15  4.124e+15  7.762e+16     0        - -
  83  1  5.124e+15 1.237e+14  418  449 CRUISE 2 176  16  64   2  424 |  72.00   72   0  8 0 0  0  0 |  3.202e+14  4.129e+15  4.129e+15  7.829e+16     0        - -
  84  1  5.124e+15 1.239e+14  418  449 CRUISE 2 176  16  64   2  424 |  72.00   72   0  8 0 0  0  0 |  3.202e+14  4.134e+15  4.134e+15  7.896e+16     0        - -
  85  1  5.124e+15 1.240e+14  418  449 CRUISE 2 176  16  64   2  424 |  72.00   72   0  8 0 0  0  0 |  3.203e+14  4.140e+15  4.140e+15  7.963e+16     0        - -
  86  1  5.124e+15 1.242e+14  418  449 CRUISE 2 176  16  64   2  424 |  72.00   72   0  8 0 0  0  0 |  3.203e+14  4.145e+15  4.145e+15  8.029e+16     0        - -
  87  1  5.124e+15 1.243e+14  418  449 CRUISE 2 176  16  64   2  424 |  72.00   72   0  8 0 0  0  0 |  3.203e+14  4.150e+15  4.150e+15  8.094e+16     0        - -
  88  1  5.125e+15 1.245e+14  418  449 CRUISE 2 176  16  64   2  424 |  72.00   72   0  8 0 0  0  0 |  3.203e+14  4.155e+15  4.155e+15  8.159e+16     0        - -
  89  1  5.125e+15 1.247e+14  418  450 CRUISE 2 176  16  64   2  424 |  72.00   72   0  8 0 0  0  0 |  3.203e+14  4.161e+15  4.161e+15  8.223e+16     0        - -
  90  1  5.125e+15 1.248e+14  418  450 CRUISE 2 176  16  64   2  424 |  72.00   72   0  8 0 0  0  0 |  3.203e+14  4.166e+15  4.166e+15  8.287e+16     0        - -
  91  1  5.125e+15 1.250e+14  418  450 CRUISE 2 176  16  64   2  424 |  72.00   72   0  8 0 0  0  0 |  3.203e+14  4.171e+15  4.171e+15  8.351e+16     0        - -
  92  1  5.125e+15 1.251e+14  418  450 CRUISE 2 176  16  64   2  424 |  72.00   72   0  8 0 0  0  0 |  3.203e+14  4.176e+15  4.176e+15  8.413e+16     0        - -
  93  1  5.125e+15 1.253e+14  418  450 CRUISE 2 176  16  64   2  424 |  72.00   72   0  8 0 0  0  0 |  3.203e+14  4.181e+15  4.181e+15  8.476e+16     0        - -
  94  1  5.125e+15 1.254e+14  418  450 CRUISE 2 176  16  64   2  424 |  72.00   72   0  8 0 0  0  0 |  3.203e+14  4.186e+15  4.186e+15  8.538e+16     0        - -
  95  1  5.126e+15 1.256e+14  418  450 CRUISE 2 176  16  64   2  424 |  72.00   72   0  8 0 0  0  0 |  3.203e+14  4.191e+15  4.191e+15  8.599e+16     0        - -
  96  1  5.126e+15 1.257e+14  418  450 CRUISE 2 176  16  64   2  424 |  72.00   72   0  8 0 0  0  0 |  3.204e+14  4.196e+15  4.196e+15  8.660e+16     0        - -
  97  1  5.126e+15 1.259e+14  418  450 CRUISE 2 176  16  64   2  424 |  72.00   72   0  8 0 0  0  0 |  3.204e+14  4.201e+15  4.201e+15  8.721e+16     0        - -
  98  1  5.126e+15 1.260e+14  418  450 CRUISE 2 176  16  64   2  424 |  72.00   72   0  8 0 0  0  0 |  3.204e+14  4.205e+15  4.205e+15  8.781e+16     0        - -
  99  1  5.126e+15 1.262e+14  418  450 CRUISE 2 176  16  64   2  424 |  72.00   72   0  8 0 0  0  0 |  3.204e+14  4.210e+15  4.210e+15  8.840e+16     0        - -
 115 15  8.013e+16 1.263e+14  449  450 (none) - 248   8   0 128 1023 |  72.00   72   0  8 0 0  0  0 |  2.504e+15  1.218e+17  1.218e+17  4.420e+16     0 fallback fallback word
 116 15  8.655e+15 3.655e+15  424  442 (none) - 248   8   0 128 1023 |  72.00   72   0  8 0 0  0  0 |  2.705e+14  3.048e+16  3.048e+16  2.210e+16     0 fallback fallback word
 117 15  5.915e+15 9.145e+14  419  434 (none) - 248   8   0 128 1023 |  72.00   72   0  8 0 0  0  0 |  1.848e+14  1.678e+16  1.678e+16  1.105e+16     0 fallback fallback word
 118 15  5.503e+15 5.034e+14  418  426 (none) - 248   8   0 128 1023 |  72.00   72   0  8 0 0  0  0 |  1.720e+14  1.086e+16  1.086e+16  5.525e+15     0 fallback fallback word
 119 15  5.326e+15 3.257e+14  418  418 (none) - 248   8   0 128 1023 |  72.00   72   0  8 0 0  0  0 |  1.664e+14  7.922e+15  7.922e+15  2.763e+15     0 fallback fallback word
 120 15  5.238e+15 2.377e+14  418  410 (none) - 248   8   0 128 1023 |  72.00   72   0  8 0 0  0  0 |  1.637e+14  6.455e+15  6.455e+15  1.381e+15     0 fallback fallback word
 121 15  5.194e+15 1.937e+14  418  402 (none) - 248   8   0 128 1023 |  72.00   72   0  8 0 0  0  0 |  1.623e+14  5.722e+15  5.722e+15  6.906e+14     0 fallback fallback word
 122 15  5.172e+15 1.717e+14  418  394 (none) - 248   8   0 128 1023 |  72.00   72   0  8 0 0  0  0 |  1.616e+14  5.355e+15  5.355e+15  3.453e+14     0 fallback fallback word
 123 15  5.161e+15 1.607e+14  418  386 (none) - 248   8   0 128 1023 |  72.00   72   0  8 0 0  0  0 |  1.613e+14  5.172e+15  5.172e+15  1.727e+14     0 fallback fallback word
 124 15  5.155e+15 1.552e+14  418  378 (none) - 248   8   0 128 1023 |  72.00   72   0  8 0 0  0  0 |  1.611e+14  5.080e+15  5.080e+15  8.633e+13     0 fallback fallback word
 125 15  5.152e+15 1.524e+14  418  370 (none) - 248   8   0 128 1023 |  72.00   72   0  8 0 0  0  0 |  1.610e+14  5.035e+15  5.035e+15  4.317e+13     0 fallback fallback word
 126 15  5.151e+15 1.510e+14  418  362 (none) - 248   8   0 128 1023 |  72.00   72   0  8 0 0  0  0 |  1.610e+14  5.012e+15  5.012e+15  2.158e+13     0 fallback fallback word
 127 15  5.150e+15 1.503e+14  418  354 (none) - 248   8   0 128 1023 |  72.00   72   0  8 0 0  0  0 |  1.609e+14  5.000e+15  5.000e+15  1.079e+13     0 fallback fallback word
 128 15  5.150e+15 1.500e+14  418  346 (none) - 248   8   0 128 1023 |  72.00   72   0  8 0 0  0  0 |  1.609e+14  4.994e+15  4.994e+15  5.396e+12     0 fallback fallback word
 129 15  5.150e+15 1.498e+14  418  338 (none) - 248   8   0 128 1023 |  72.00   72   0  8 0 0  0  0 |  1.609e+14  4.992e+15  4.992e+15  2.698e+12     0 fallback fallback word
 130 15  5.150e+15 1.497e+14  418  330 (none) - 248   8   0 128 1023 |  72.00   72   0  8 0 0  0  0 |  1.609e+14  4.990e+15  4.990e+15  1.349e+12     0 fallback fallback word
 131 15  5.150e+15 1.497e+14  418  322 (none) - 248   8   0 128 1023 |  72.00   72   0  8 0 0  0  0 |  1.609e+14  4.989e+15  4.989e+15  6.745e+11     0 fallback fallback word
 132 15  5.150e+15 1.497e+14  418  314 (none) - 248   8   0 128 1023 |  72.00   72   0  8 0 0  0  0 |  1.609e+14  4.989e+15  4.989e+15  3.372e+11     0 fallback fallback word
 133 15  5.150e+15 1.497e+14  418  306 (none) - 248   8   0 128 1023 |  72.00   72   0  8 0 0  0  0 |  1.609e+14  4.989e+15  4.989e+15  1.686e+11     0 fallback fallback word
 134 15  5.150e+15 1.497e+14  418  298 (none) - 248   8   0 128 1023 |  72.00   72   0  8 0 0  0  0 |  1.609e+14  4.989e+15  4.989e+15  8.431e+10     0 fallback fallback word
 135 15  5.150e+15 1.497e+14  418  290 (none) - 248   8   0 128 1023 |  72.00   72   0  8 0 0  0  0 |  1.609e+14  4.989e+15  4.989e+15  4.215e+10     0 fallback fallback word
 136 15  5.150e+15 1.497e+14  418  282 (none) - 248   8   0 128 1023 |  72.00   72   0  8 0 0  0  0 |  1.609e+14  4.989e+15  4.989e+15  2.108e+10     0 fallback fallback word
 137 15  5.150e+15 1.497e+14  418  274 (none) - 248   8   0 128 1023 |  72.00   72   0  8 0 0  0  0 |  1.609e+14  4.989e+15  4.989e+15  1.054e+10     0 fallback fallback word
 138 15  5.150e+15 1.497e+14  418  266 (none) - 248   8   0 128 1023 |  72.00   72   0  8 0 0  0  0 |  1.609e+14  4.989e+15  4.989e+15  5.269e+09     0 fallback fallback word
 139 15  5.150e+15 1.497e+14  418  258 (none) - 248   8   0 128 1023 |  72.00   72   0  8 0 0  0  0 |  1.609e+14  4.989e+15  4.989e+15  2.635e+09     0 fallback fallback word
 140 15  5.150e+15 1.497e+14  418  250 CRUISE 2 176  16  64  30  424 |  41.00   68  27  8 0 0  0  0 |  3.219e+14  3.540e+15  3.540e+15  1.287e+15     0        - dip
 141  1  5.106e+15 1.062e+14  418  402 DEFEND 2 256   0   0  40  424 |  48.75   68  20  8 0 0  0  3 |          0  5.307e+15  5.307e+15  1.086e+15     0        - release
 142  1  5.159e+15 1.592e+14  418  400 DEFEND 2 256   0   0  32  424 |  54.50   67  13  8 0 0  0  2 |          0  5.295e+15  5.295e+15  9.505e+14     0        - release
 143  1  5.159e+15 1.589e+14  418  398 DEFEND 2 256   0   0  32  424 |  58.75   67   9  8 0 0  0  1 |          0  5.278e+15  5.278e+15  8.317e+14     0        - release
 144  1  5.158e+15 1.583e+14  418  396 DEFEND 2 256   0   0  32  424 |  62.00   67   5  8 0 0  0  0 |          0  5.262e+15  5.262e+15  7.277e+14     0        - release
 145  1  5.158e+15 1.579e+14  418  395   REST 2 176  16  64   2  424 |  64.50   67   3  8 0 0  5  0 |  3.224e+14  3.552e+15  3.552e+15  2.011e+15     0        - cooldown
 146  1  5.107e+15 1.066e+14  418  407   REST 2 176  16  64   2  424 |  66.25   66   0  8 0 0  4  0 |  3.192e+14  3.526e+15  3.526e+15  3.272e+15     0        - cooldown
 147  1  5.106e+15 1.058e+14  418  412   REST 2 176  16  64   2  424 |  67.50   67   0  8 0 0  3  0 |  3.191e+14  3.536e+15  3.536e+15  4.523e+15     0        - cooldown
 148  1  5.106e+15 1.061e+14  418  417   REST 2 176  16  64   2  424 |  68.50   68   0  8 0 0  2  0 |  3.191e+14  3.546e+15  3.546e+15  5.764e+15     0        - cooldown
 149  1  5.106e+15 1.064e+14  418  419   REST 2 176  16  64   2  424 |  69.25   69   0  8 0 0  1  0 |  3.191e+14  3.556e+15  3.556e+15  6.996e+15     0        - cooldown
 150  1  5.107e+15 1.067e+14  418  421   REST 2 176  16  64   2  424 |  69.75   69   0  8 0 0  0  0 |  3.192e+14  3.565e+15  3.565e+15  8.218e+15     0        - cooldown
 151  1  5.107e+15 1.070e+14  418  423 CRUISE 2 176  16  64   2  424 |  70.25   70   0  8 0 0  0  0 |  3.192e+14  3.575e+15  3.575e+15  9.431e+15     0        - -
 152  1  5.107e+15 1.073e+14  418  425 CRUISE 2 176  16  64   2  424 |  70.50   70   0  8 0 0  0  0 |  3.192e+14  3.585e+15  3.585e+15  1.063e+16     0        - -
 153  1  5.108e+15 1.075e+14  418  426 CRUISE 2 176  16  64   2  424 |  70.75   70   0  8 0 0  0  0 |  3.192e+14  3.595e+15  3.595e+15  1.183e+16     0        - -
 154  1  5.108e+15 1.078e+14  418  427 CRUISE 2 176  16  64   2  424 |  71.00   71   0  8 0 0  0  0 |  3.192e+14  3.604e+15  3.604e+15  1.301e+16     0        - -
 155  1  5.108e+15 1.081e+14  418  428 CRUISE 2 176  16  64   2  424 |  71.25   71   0  8 0 0  0  0 |  3.193e+14  3.613e+15  3.613e+15  1.419e+16     0        - -
 156  1  5.108e+15 1.084e+14  418  429 CRUISE 2 176  16  64   2  424 |  71.25   71   0  8 0 0  0  0 |  3.193e+14  3.623e+15  3.623e+15  1.535e+16     0        - -
 157  1  5.109e+15 1.087e+14  418  430 CRUISE 2 176  16  64   2  424 |  71.25   71   0  8 0 0  0  0 |  3.193e+14  3.632e+15  3.632e+15  1.651e+16     0        - -
 158  1  5.109e+15 1.090e+14  418  431 CRUISE 2 176  16  64   2  424 |  71.25   71   0  8 0 0  0  0 |  3.193e+14  3.641e+15  3.641e+15  1.766e+16     0        - -
 159  1  5.109e+15 1.092e+14  418  432 CRUISE 2 176  16  64   2  424 |  71.25   71   0  8 0 0  0  0 |  3.193e+14  3.651e+15  3.651e+15  1.880e+16     0        - -
 160  1  5.110e+15 1.095e+14  418  433 CRUISE 2 176  16  64   2  424 |  71.25   71   0  8 0 0  0  0 |  3.193e+14  3.660e+15  3.660e+15  1.993e+16     0        - -
 161  1  5.110e+15 1.098e+14  418  433 CRUISE 2 176  16  64   2  424 |  71.25   71   0  8 0 0  0  0 |  3.194e+14  3.669e+15  3.669e+15  2.105e+16     0        - -
 162  1  5.110e+15 1.101e+14  418  434 CRUISE 2 176  16  64   2  424 |  71.25   71   0  8 0 0  0  0 |  3.194e+14  3.678e+15  3.678e+15  2.216e+16     0        - -
 163  1  5.110e+15 1.103e+14  418  434 CRUISE 2 176  16  64   2  424 |  71.25   71   0  8 0 0  0  0 |  3.194e+14  3.687e+15  3.687e+15  2.327e+16     0        - -
 164  1  5.111e+15 1.106e+14  418  435 CRUISE 2 176  16  64   2  424 |  71.25   71   0  8 0 0  0  0 |  3.194e+14  3.695e+15  3.695e+15  2.436e+16     0        - -
 165  1  5.111e+15 1.109e+14  418  435 CRUISE 2 176  16  64   2  424 |  71.25   71   0  8 0 0  0  0 |  3.194e+14  3.704e+15  3.704e+15  2.545e+16     0        - -
 166  1  5.111e+15 1.111e+14  418  436 CRUISE 2 176  16  64   2  424 |  71.25   71   0  8 0 0  0  0 |  3.194e+14  3.713e+15  3.713e+15  2.653e+16     0        - -
 167  1  5.111e+15 1.114e+14  418  436 CRUISE 2 176  16  64   2  424 |  71.25   71   0  8 0 0  0  0 |  3.195e+14  3.721e+15  3.721e+15  2.760e+16     0        - -
 168  1  5.112e+15 1.116e+14  418  437 CRUISE 2 176  16  64   2  424 |  71.25   71   0  8 0 0  0  0 |  3.195e+14  3.730e+15  3.730e+15  2.866e+16     0        - -
 169  1  5.112e+15 1.119e+14  418  437 CRUISE 2 176  16  64   2  424 |  71.25   71   0  8 0 0  0  0 |  3.195e+14  3.738e+15  3.738e+15  2.972e+16     0        - -
 170  1  5.112e+15 1.122e+14  418  438 CRUISE 2 176  16  64   2  424 |  71.25   71   0  8 0 0  0  0 |  3.195e+14  3.747e+15  3.747e+15  3.076e+16     0        - -
 171  1  5.112e+15 1.124e+14  418  438 CRUISE 2 176  16  64   2  424 |  71.25   71   0  8 0 0  0  0 |  3.195e+14  3.755e+15  3.755e+15  3.180e+16     0        - -
 172  1  5.113e+15 1.127e+14  418  439 CRUISE 2 176  16  64   2  424 |  71.25   71   0  8 0 0  0  0 |  3.195e+14  3.763e+15  3.763e+15  3.283e+16     0        - -
 173  1  5.113e+15 1.129e+14  418  439 CRUISE 2 176  16  64   2  424 |  71.25   71   0  8 0 0  0  0 |  3.196e+14  3.772e+15  3.772e+15  3.385e+16     0        - -
 174  1  5.113e+15 1.131e+14  418  440 CRUISE 2 176  16  64   2  424 |  71.25   71   0  8 0 0  0  0 |  3.196e+14  3.780e+15  3.780e+15  3.487e+16     0        - -
 175  1  5.113e+15 1.134e+14  418  440 CRUISE 2 176  16  64   2  424 |  71.25   71   0  8 0 0  0  0 |  3.196e+14  3.788e+15  3.788e+15  3.587e+16     0        - -
 176  1  5.114e+15 1.136e+14  418  440 CRUISE 2 176  16  64   2  424 |  71.25   71   0  8 0 0  0  0 |  3.196e+14  3.796e+15  3.796e+15  3.687e+16     0        - -
 177  1  5.114e+15 1.139e+14  418  441 CRUISE 2 176  16  64   2  424 |  71.25   71   0  8 0 0  0  0 |  3.196e+14  3.804e+15  3.804e+15  3.786e+16     0        - -
 178  1  5.114e+15 1.141e+14  418  441 CRUISE 2 176  16  64   2  424 |  71.25   71   0  8 0 0  0  0 |  3.196e+14  3.812e+15  3.812e+15  3.884e+16     0        - -
 179  1  5.114e+15 1.144e+14  418  441 CRUISE 2 176  16  64   2  424 |  71.25   71   0  8 0 0  0  0 |  3.196e+14  3.820e+15  3.820e+15  3.982e+16     0        - -
 180  1  5.115e+15 1.146e+14  418  441 CRUISE 2 176  16  64   2  424 |  71.25   71   0  8 0 0  0  0 |  3.197e+14  3.827e+15  3.827e+15  4.079e+16     0        - -
 181  1  5.115e+15 1.148e+14  418  442 CRUISE 2 176  16  64   2  424 |  71.25   71   0  8 0 0  0  0 |  3.197e+14  3.835e+15  3.835e+15  4.175e+16     0        - -
 182  1  5.115e+15 1.151e+14  418  442 CRUISE 2 176  16  64   2  424 |  71.25   71   0  8 0 0  0  0 |  3.197e+14  3.843e+15  3.843e+15  4.270e+16     0        - -
 183  1  5.115e+15 1.153e+14  418  442 CRUISE 2 176  16  64   2  424 |  71.25   71   0  8 0 0  0  0 |  3.197e+14  3.850e+15  3.850e+15  4.364e+16     0        - -
 184  1  5.116e+15 1.155e+14  418  442 CRUISE 2 176  16  64   2  424 |  71.25   71   0  8 0 0  0  0 |  3.197e+14  3.858e+15  3.858e+15  4.458e+16     0        - -
 185  1  5.116e+15 1.157e+14  418  442 CRUISE 2 176  16  64   2  424 |  71.25   71   0  8 0 0  0  0 |  3.197e+14  3.865e+15  3.865e+15  4.551e+16     0        - -
 186  1  5.116e+15 1.160e+14  418  443 CRUISE 2 176  16  64   2  424 |  71.25   71   0  8 0 0  0  0 |  3.197e+14  3.873e+15  3.873e+15  4.644e+16     0        - -
 187  1  5.116e+15 1.162e+14  418  443 CRUISE 2 176  16  64   2  424 |  71.25   71   0  8 0 0  0  0 |  3.198e+14  3.880e+15  3.880e+15  4.735e+16     0        - -
 188  1  5.116e+15 1.164e+14  418  443 CRUISE 2 176  16  64   2  424 |  71.25   71   0  8 0 0  0  0 |  3.198e+14  3.887e+15  3.887e+15  4.826e+16     0        - -
 189  1  5.117e+15 1.166e+14  418  443 CRUISE 2 176  16  64   2  424 |  71.25   71   0  8 0 0  0  0 |  3.198e+14  3.895e+15  3.895e+15  4.916e+16     0        - -
 190  1  5.117e+15 1.168e+14  418  443 CRUISE 2 176  16  64   2  424 |  71.25   71   0  8 0 0  0  0 |  3.198e+14  3.902e+15  3.902e+15  5.006e+16     0        - -
 191  1  5.117e+15 1.171e+14  418  444 CRUISE 2 176  16  64   2  424 |  71.25   71   0  8 0 0  0  0 |  3.198e+14  3.909e+15  3.909e+15  5.095e+16     0        - -
 192  1  5.117e+15 1.173e+14  418  444 CRUISE 2 176  16  64   2  424 |  71.25   71   0  8 0 0  0  0 |  3.198e+14  3.916e+15  3.916e+15  5.183e+16     0        - -
 193  1  5.117e+15 1.175e+14  418  444 CRUISE 2 176  16  64   2  424 |  71.25   71   0  8 0 0  0  0 |  3.198e+14  3.923e+15  3.923e+15  5.270e+16     0        - -
 194  1  5.118e+15 1.177e+14  418  444 CRUISE 2 176  16  64   2  424 |  71.25   71   0  8 0 0  0  0 |  3.199e+14  3.930e+15  3.930e+15  5.357e+16     0        - -
 195  1  5.118e+15 1.179e+14  418  444 CRUISE 2 176  16  64   2  424 |  71.25   71   0  8 0 0  0  0 |  3.199e+14  3.937e+15  3.937e+15  5.443e+16     0        - -
 196  1  5.118e+15 1.181e+14  418  445 CRUISE 2 176  16  64   2  424 |  71.25   71   0  8 0 0  0  0 |  3.199e+14  3.944e+15  3.944e+15  5.529e+16     0        - -
 197  1  5.118e+15 1.183e+14  418  445 CRUISE 3 184   8  64   2  416 |  71.25   71   0  8 0 0  0  0 |  1.599e+14  4.111e+15  4.111e+15  5.613e+16     0        - tierup
 198  1  5.123e+15 1.233e+14  418  445 CRUISE 3 184   8  64   2  416 |  71.25   71   0  8 0 0  0  0 |  1.601e+14  4.121e+15  4.121e+15  5.698e+16     0        - -
 199  1  5.124e+15 1.236e+14  418  445 CRUISE 3 184   8  64   2  416 |  71.25   71   0  8 0 0  0  0 |  1.601e+14  4.128e+15  4.128e+15  5.781e+16     0        - -
 200  1  5.124e+15 1.238e+14  418  445 CRUISE 3 184   8  64   2  416 |  71.25   71   0  8 0 0  0  0 |  1.601e+14  4.134e+15  4.134e+15  5.864e+16     0        - -
 201  1  5.124e+15 1.240e+14  418  446 CRUISE 3 184   8  64   2  416 |  71.25   71   0  8 0 0  0  0 |  1.601e+14  4.141e+15  4.141e+15  5.946e+16     0        - -
 202  1  5.124e+15 1.242e+14  418  446 CRUISE 3 184   8  64   2  416 |  71.25   71   0  8 0 0  0  0 |  1.601e+14  4.148e+15  4.148e+15  6.028e+16     0        - -
 203  1  5.124e+15 1.244e+14  418  446 CRUISE 3 184   8  64   2  416 |  71.25   71   0  8 0 0  0  0 |  1.601e+14  4.154e+15  4.154e+15  6.109e+16     0        - -
 204  1  5.125e+15 1.246e+14  418  446 CRUISE 3 184   8  64   2  416 |  71.25   71   0  8 0 0  0  0 |  1.601e+14  4.161e+15  4.161e+15  6.189e+16     0        - -
 205  1  5.125e+15 1.248e+14  418  446 CRUISE 3 184   8  64   2  416 |  71.25   71   0  8 0 0  0  0 |  1.602e+14  4.167e+15  4.167e+15  6.269e+16     0        - -
 206  1  5.125e+15 1.250e+14  418  446 CRUISE 3 184   8  64   2  416 |  71.25   71   0  8 0 0  0  0 |  1.602e+14  4.173e+15  4.173e+15  6.348e+16     0        - -
 207  1  5.125e+15 1.252e+14  418  447 CRUISE 3 184   8  64   2  416 |  71.25   71   0  8 0 0  0  0 |  1.602e+14  4.180e+15  4.180e+15  6.427e+16     0        - -
 208  1  5.125e+15 1.254e+14  418  447 CRUISE 3 184   8  64   2  416 |  71.25   71   0  8 0 0  0  0 |  1.602e+14  4.186e+15  4.186e+15  6.505e+16     0        - -
 209  1  5.126e+15 1.256e+14  418  447 CRUISE 3 184   8  64   2  416 |  71.25   71   0  8 0 0  0  0 |  1.602e+14  4.192e+15  4.192e+15  6.582e+16     0        - -
 210  1  5.126e+15 1.258e+14  418  447 CRUISE 3 184   8  64   2  416 |  71.25   71   0  8 0 0  0  0 |  1.602e+14  4.198e+15  4.198e+15  6.659e+16     0        - -
 211  1  5.126e+15 1.260e+14  418  447 CRUISE 3 184   8  64   2  416 |  71.25   71   0  8 0 0  0  0 |  1.602e+14  4.204e+15  4.204e+15  6.735e+16     0        - -
 212  1  5.126e+15 1.261e+14  418  447 CRUISE 3 184   8  64   2  416 |  71.25   71   0  8 0 0  0  0 |  1.602e+14  4.211e+15  4.211e+15  6.810e+16     0        - -
 213  1  5.126e+15 1.263e+14  418  448 CRUISE 3 184   8  64   2  416 |  71.25   71   0  8 0 0  0  0 |  1.602e+14  4.217e+15  4.217e+15  6.885e+16     0        - -
 214  1  5.126e+15 1.265e+14  418  448 CRUISE 3 184   8  64   2  416 |  71.25   71   0  8 0 0  0  0 |  1.602e+14  4.223e+15  4.223e+15  6.960e+16     0        - -
 215  1  5.127e+15 1.267e+14  418  448 CRUISE 3 184   8  64   2  416 |  71.25   71   0  8 0 0  0  0 |  1.602e+14  4.229e+15  4.229e+15  7.034e+16     0        - -
 216  1  5.127e+15 1.269e+14  418  448 CRUISE 3 184   8  64   2  416 |  71.25   71   0  8 0 0  0  0 |  1.602e+14  4.234e+15  4.234e+15  7.107e+16     0        - -
 217  1  5.127e+15 1.270e+14  418  448 CRUISE 3 184   8  64   2  416 |  71.25   71   0  8 0 0  0  0 |  1.602e+14  4.240e+15  4.240e+15  7.179e+16     0        - -
 218  1  5.127e+15 1.272e+14  418  448 CRUISE 3 184   8  64   2  416 |  71.25   71   0  8 0 0  0  0 |  1.602e+14  4.246e+15  4.246e+15  7.252e+16     0        - -
 219  1  5.127e+15 1.274e+14  418  449 CRUISE 3 184   8  64   2  416 |  71.25   71   0  8 0 0  0  0 |  1.602e+14  4.252e+15  4.252e+15  7.323e+16     0        - -
 220  1  5.128e+15 1.276e+14  418  449 CRUISE 3 184   8  64   2  416 |  71.25   71   0  8 0 0  0  0 |  1.602e+14  4.258e+15  4.258e+15  7.394e+16     0        - -
 221  1  5.128e+15 1.277e+14  418  449 CRUISE 3 184   8  64   2  416 |  71.25   71   0  8 0 0  0  0 |  1.602e+14  4.263e+15  4.263e+15  7.465e+16     0        - -
 222  1  5.128e+15 1.279e+14  418  449 CRUISE 3 184   8  64   2  416 |  71.25   71   0  8 0 0  0  0 |  1.602e+14  4.269e+15  4.269e+15  7.534e+16     0        - -
 223  1  5.128e+15 1.281e+14  418  449 CRUISE 3 184   8  64   2  416 |  71.25   71   0  8 0 0  0  0 |  1.603e+14  4.274e+15  4.274e+15  7.604e+16     0        - -
 224  1  5.128e+15 1.282e+14  418  449 CRUISE 3 184   8  64   2  416 |  71.25   71   0  8 0 0  0  0 |  1.603e+14  4.280e+15  4.280e+15  7.673e+16     0        - -
 225  1  5.128e+15 1.284e+14  418  449 CRUISE 3 184   8  64   2  416 |  71.25   71   0  8 0 0  0  0 |  1.603e+14  4.285e+15  4.285e+15  7.741e+16     0        - -
 226  1  5.129e+15 1.286e+14  418  449 CRUISE 3 184   8  64   2  416 |  71.25   71   0  8 0 0  0  0 |  1.603e+14  4.291e+15  4.291e+15  7.809e+16     0        - -
 227  1  5.129e+15 1.287e+14  418  449 CRUISE 3 184   8  64   2  416 |  71.25   71   0  8 0 0  0  0 |  1.603e+14  4.296e+15  4.296e+15  7.876e+16     0        - -
 228  1  5.129e+15 1.289e+14  418  449 CRUISE 3 184   8  64   2  416 |  71.25   71   0  8 0 0  0  0 |  1.603e+14  4.302e+15  4.302e+15  7.942e+16     0        - -
 229  1  5.129e+15 1.291e+14  418  449 CRUISE 3 184   8  64   2  416 |  71.25   71   0  8 0 0  0  0 |  1.603e+14  4.307e+15  4.307e+15  8.009e+16     0        - -
 230  1  5.129e+15 1.292e+14  418  449 CRUISE 3 184   8  64   2  416 |  71.25   71   0  8 0 0  0  0 |  1.603e+14  4.312e+15  4.312e+15  8.074e+16     0        - -
 231  1  5.129e+15 1.294e+14  418  449 CRUISE 3 184   8  64   2  416 |  71.25   71   0  8 0 0  0  0 |  1.603e+14  4.318e+15  4.318e+15  8.139e+16     0        - -
 232  1  5.130e+15 1.295e+14  418  450 CRUISE 3 184   8  64   2  416 |  71.25   71   0  8 0 0  0  0 |  1.603e+14  4.323e+15  4.323e+15  8.204e+16     0        - -
 233  1  5.130e+15 1.297e+14  418  450 CRUISE 3 184   8  64   2  416 |  71.25   71   0  8 0 0  0  0 |  1.603e+14  4.328e+15  4.328e+15  8.268e+16     0        - -
 234  1  5.130e+15 1.298e+14  418  450 CRUISE 3 184   8  64   2  416 |  71.25   71   0  8 0 0  0  0 |  1.603e+14  4.333e+15  4.333e+15  8.332e+16     0        - -
 235  1  5.130e+15 1.300e+14  418  450 CRUISE 3 184   8  64   2  416 |  71.25   71   0  8 0 0  0  0 |  1.603e+14  4.338e+15  4.338e+15  8.395e+16     0        - -
 236  1  5.130e+15 1.301e+14  418  450 CRUISE 3 184   8  64   2  416 |  71.25   71   0  8 0 0  0  0 |  1.603e+14  4.343e+15  4.343e+15  8.458e+16     0        - -
 237  1  5.130e+15 1.303e+14  418  450 CRUISE 3 184   8  64   2  416 |  71.25   71   0  8 0 0  0  0 |  1.603e+14  4.348e+15  4.348e+15  8.520e+16     0        - -
 238  1  5.130e+15 1.304e+14  418  450 CRUISE 3 184   8  64   2  416 |  71.25   71   0  8 0 0  0  0 |  1.603e+14  4.353e+15  4.353e+15  8.582e+16     0        - -
 239  1  5.131e+15 1.306e+14  418  450 CRUISE 3 184   8  64   2  416 |  71.25   71   0  8 0 0  0  0 |  1.603e+14  4.358e+15  4.358e+15  8.643e+16     0        - -
 240  1  5.131e+15 1.307e+14  418  450 CRUISE 3 184   8  64   2  416 |  71.25   71   0  8 0 0  0  0 |  1.603e+14  4.363e+15  4.363e+15  8.704e+16     0        - -

outage                 ep  240 settles  225  in 1.200e+18  allow   5.7%  bought  87.0%  left   7.3%  maxRes  17.7 ep  tier 3  clamp 0  {'CRUISE': 190, 'DEFEND': 4, 'REST': 6}  [echo 2.7%; reverted 15 fallback 25]
