Short pauses of 5, 3 and 7 epochs between runs of the same volume.

  ep dt     inflow  TAX  RES   mode T buy alw res REL CEIL |      A   PK  dd LV W S CD TR |      allow     bought    reserve clamp flags
----------------------------------------------------------------------------------------------------------------------------------------
   1  1  5.000e+15  417    0 CRUISE 0 144  48  64   2  440 |  71.00   71   0  8 3 0  0  0 |  9.375e+14  2.812e+15  1.250e+15     0 warm
   2  1  5.000e+15  417  401 CRUISE 1 160  32  64   2  432 |  71.00   71   0  8 2 0  0  0 |  6.250e+14  3.135e+15  2.490e+15     0 tierup,warm
   3  1  5.000e+15  417  409 CRUISE 1 160  32  64   2  432 |  71.00   71   0  8 1 0  0  0 |  6.250e+14  3.144e+15  3.721e+15     0 warm
   4  1  5.000e+15  417  414 CRUISE 1 160  32  64   2  432 |  71.00   71   0  8 0 0  0  0 |  6.250e+14  3.154e+15  4.942e+15     0 warm
   5  1  5.000e+15  417  417 CRUISE 1 160  32  64   2  432 |  71.00   71   0  8 0 0  0  0 |  6.250e+14  3.164e+15  6.153e+15     0 -
   6  1  5.000e+15  417  419 CRUISE 1 160  32  64   2  432 |  71.00   71   0  8 0 0  0  0 |  6.250e+14  3.173e+15  7.355e+15     0 -
   7  1  5.000e+15  417  422 CRUISE 1 160  32  64   2  432 |  71.00   71   0  8 0 0  0  0 |  6.250e+14  3.182e+15  8.548e+15     0 -
   8  1  5.000e+15  417  424 CRUISE 1 160  32  64   2  432 |  71.00   71   0  8 0 0  0  0 |  6.250e+14  3.192e+15  9.731e+15     0 -
   9  1  5.000e+15  417  425 CRUISE 1 160  32  64   2  432 |  71.00   71   0  8 0 0  0  0 |  6.250e+14  3.201e+15  1.090e+16     0 -
  10  1  5.000e+15  417  426 CRUISE 1 160  32  64   2  432 |  71.00   71   0  8 0 0  0  0 |  6.250e+14  3.210e+15  1.207e+16     0 -
  11  1  5.000e+15  417  427 CRUISE 1 160  32  64   2  432 |  71.00   71   0  8 0 0  0  0 |  6.250e+14  3.219e+15  1.323e+16     0 -
  12  1  5.000e+15  417  428 CRUISE 1 160  32  64   2  432 |  71.00   71   0  8 0 0  0  0 |  6.250e+14  3.228e+15  1.437e+16     0 -
  13  1  5.000e+15  417  429 CRUISE 1 160  32  64   2  432 |  71.00   71   0  8 0 0  0  0 |  6.250e+14  3.237e+15  1.551e+16     0 -
  14  1  5.000e+15  417  430 CRUISE 1 160  32  64   2  432 |  71.00   71   0  8 0 0  0  0 |  6.250e+14  3.246e+15  1.664e+16     0 -
  15  1  5.000e+15  417  431 CRUISE 1 160  32  64   2  432 |  71.00   71   0  8 0 0  0  0 |  6.250e+14  3.255e+15  1.776e+16     0 -
  16  1  5.000e+15  417  432 CRUISE 1 160  32  64   2  432 |  71.00   71   0  8 0 0  0  0 |  6.250e+14  3.264e+15  1.887e+16     0 -
  17  1  5.000e+15  417  433 CRUISE 1 160  32  64   2  432 |  71.00   71   0  8 0 0  0  0 |  6.250e+14  3.272e+15  1.997e+16     0 -
  18  1  5.000e+15  417  433 CRUISE 1 160  32  64   2  432 |  71.00   71   0  8 0 0  0  0 |  6.250e+14  3.281e+15  2.107e+16     0 -
  19  1  5.000e+15  417  434 CRUISE 1 160  32  64   2  432 |  71.00   71   0  8 0 0  0  0 |  6.250e+14  3.290e+15  2.215e+16     0 -
  20  1  5.000e+15  417  434 CRUISE 2 176  16  64   2  424 |  71.00   71   0  8 0 0  0  0 |  3.125e+14  3.611e+15  2.323e+16     0 tierup
  21  1  5.000e+15  417  435 CRUISE 2 176  16  64   2  424 |  71.00   71   0  8 0 0  0  0 |  3.125e+14  3.619e+15  2.430e+16     0 -
  22  1  5.000e+15  417  435 CRUISE 2 176  16  64   2  424 |  71.00   71   0  8 0 0  0  0 |  3.125e+14  3.627e+15  2.536e+16     0 -
  23  1  5.000e+15  417  436 CRUISE 2 176  16  64   2  424 |  71.00   71   0  8 0 0  0  0 |  3.125e+14  3.636e+15  2.641e+16     0 -
  24  1  5.000e+15  417  436 CRUISE 2 176  16  64   2  424 |  71.00   71   0  8 0 0  0  0 |  3.125e+14  3.644e+15  2.745e+16     0 -
  25  1  5.000e+15  417  437 CRUISE 2 176  16  64   2  424 |  71.00   71   0  8 0 0  0  0 |  3.125e+14  3.652e+15  2.849e+16     0 -
  26  1  5.000e+15  417  437 CRUISE 2 176  16  64   2  424 |  71.00   71   0  8 0 0  0  0 |  3.125e+14  3.660e+15  2.952e+16     0 -
  27  1  5.000e+15  417  438 CRUISE 2 176  16  64   2  424 |  71.00   71   0  8 0 0  0  0 |  3.125e+14  3.668e+15  3.054e+16     0 -
  28  1  5.000e+15  417  438 CRUISE 2 176  16  64   2  424 |  71.00   71   0  8 0 0  0  0 |  3.125e+14  3.676e+15  3.155e+16     0 -
  29  1  5.000e+15  417  439 CRUISE 2 176  16  64   2  424 |  71.00   71   0  8 0 0  0  0 |  3.125e+14  3.684e+15  3.255e+16     0 -
  30  1  5.000e+15  417  439 CRUISE 2 176  16  64   2  424 |  71.00   71   0  8 0 0  0  0 |  3.125e+14  3.692e+15  3.355e+16     0 -
  31  1  5.000e+15  417  439 CRUISE 2 176  16  64   2  424 |  71.00   71   0  8 0 0  0  0 |  3.125e+14  3.700e+15  3.453e+16     0 -
  32  1  5.000e+15  417  440 CRUISE 2 176  16  64   2  424 |  71.00   71   0  8 0 0  0  0 |  3.125e+14  3.707e+15  3.551e+16     0 -
  33  1  5.000e+15  417  440 CRUISE 2 176  16  64   2  424 |  71.00   71   0  8 0 0  0  0 |  3.125e+14  3.715e+15  3.649e+16     0 -
  34  1  5.000e+15  417  441 CRUISE 2 176  16  64   2  424 |  71.00   71   0  8 0 0  0  0 |  3.125e+14  3.723e+15  3.745e+16     0 -
  35  1  5.000e+15  417  441 CRUISE 2 176  16  64   2  424 |  71.00   71   0  8 0 0  0  0 |  3.125e+14  3.730e+15  3.841e+16     0 -
  36  1  5.000e+15  417  441 CRUISE 2 176  16  64   2  424 |  71.00   71   0  8 0 0  0  0 |  3.125e+14  3.738e+15  3.936e+16     0 -
  37  1  5.000e+15  417  441 CRUISE 2 176  16  64   2  424 |  71.00   71   0  8 0 0  0  0 |  3.125e+14  3.745e+15  4.030e+16     0 -
  38  1  5.000e+15  417  441 CRUISE 2 176  16  64   2  424 |  71.00   71   0  8 0 0  0  0 |  3.125e+14  3.752e+15  4.124e+16     0 -
  39  1  5.000e+15  417  442 CRUISE 2 176  16  64   2  424 |  71.00   71   0  8 0 0  0  0 |  3.125e+14  3.760e+15  4.216e+16     0 -
  40  1  5.000e+15  417  442 CRUISE 2 176  16  64   2  424 |  71.00   71   0  8 0 0  0  0 |  3.125e+14  3.767e+15  4.309e+16     0 -
  41  1          0    0  442 CRUISE 2 176  16  64   2  424 |  68.00   71   3  7 0 0  0  0 |          0  3.366e+14  4.275e+16     0 dip,quiet
  42  1          0    0  442 CRUISE 2 176  16  64   2  424 |  65.00   71   6  6 0 0  0  0 |          0  3.340e+14  4.241e+16     0 dip,quiet
  43  1          0    0  442 CRUISE 2 176  16  64   2  424 |  62.00   71   9  5 0 0  0  0 |          0  3.314e+14  4.208e+16     0 dip,quiet
  44  1          0    0  442 CRUISE 2 176  16  64   2  424 |  59.00   70  11  4 0 0  0  0 |          0  3.288e+14  4.175e+16     0 dip,quiet
  45  1          0    0  442 CRUISE 2 176  16  64   2  424 |  56.00   70  14  3 0 0  0  0 |          0  3.262e+14  4.143e+16     0 dip,quiet
  46  1  5.000e+15  417  442 CRUISE 2 176  16  64   2  424 |  59.75   70  11  8 0 0  0  0 |  3.125e+14  3.761e+15  4.235e+16     0 -
  47  1  5.000e+15  417  442 CRUISE 2 176  16  64   2  424 |  62.50   70   8  8 0 0  0  0 |  3.125e+14  3.768e+15  4.327e+16     0 -
  48  1  5.000e+15  417  442 CRUISE 2 176  16  64   2  424 |  64.50   69   5  8 0 0  0  0 |  3.125e+14  3.776e+15  4.419e+16     0 -
  49  1  5.000e+15  417  442 CRUISE 2 176  16  64   2  424 |  66.00   69   3  8 0 0  0  0 |  3.125e+14  3.783e+15  4.509e+16     0 -
  50  1  5.000e+15  417  443 CRUISE 2 176  16  64   2  424 |  67.25   69   2  8 0 0  0  0 |  3.125e+14  3.790e+15  4.599e+16     0 -
  51  1  5.000e+15  417  443 CRUISE 2 176  16  64   2  424 |  68.00   69   1  8 0 0  0  0 |  3.125e+14  3.797e+15  4.688e+16     0 -
  52  1  5.000e+15  417  443 CRUISE 2 176  16  64   2  424 |  68.75   68   0  8 0 0  0  0 |  3.125e+14  3.804e+15  4.776e+16     0 -
  53  1  5.000e+15  417  443 CRUISE 2 176  16  64   2  424 |  69.25   69   0  8 0 0  0  0 |  3.125e+14  3.811e+15  4.864e+16     0 -
  54  1  5.000e+15  417  443 CRUISE 2 176  16  64   2  424 |  69.50   69   0  8 0 0  0  0 |  3.125e+14  3.817e+15  4.951e+16     0 -
  55  1  5.000e+15  417  443 CRUISE 2 176  16  64   2  424 |  69.75   69   0  8 0 0  0  0 |  3.125e+14  3.824e+15  5.037e+16     0 -
  56  1  5.000e+15  417  444 CRUISE 2 176  16  64   2  424 |  70.00   70   0  8 0 0  0  0 |  3.125e+14  3.831e+15  5.123e+16     0 -
  57  1  5.000e+15  417  444 CRUISE 2 176  16  64   2  424 |  70.25   70   0  8 0 0  0  0 |  3.125e+14  3.838e+15  5.208e+16     0 -
  58  1  5.000e+15  417  444 CRUISE 2 176  16  64   2  424 |  70.25   70   0  8 0 0  0  0 |  3.125e+14  3.844e+15  5.292e+16     0 -
  59  1  5.000e+15  417  444 CRUISE 2 176  16  64   2  424 |  70.25   70   0  8 0 0  0  0 |  3.125e+14  3.851e+15  5.376e+16     0 -
  60  1  5.000e+15  417  444 CRUISE 2 176  16  64   2  424 |  70.25   70   0  8 0 0  0  0 |  3.125e+14  3.857e+15  5.459e+16     0 -
  61  1  5.000e+15  417  445 CRUISE 2 176  16  64   2  424 |  70.25   70   0  8 0 0  0  0 |  3.125e+14  3.864e+15  5.541e+16     0 -
  62  1  5.000e+15  417  445 CRUISE 2 176  16  64   2  424 |  70.25   70   0  8 0 0  0  0 |  3.125e+14  3.870e+15  5.623e+16     0 -
  63  1  5.000e+15  417  445 CRUISE 2 176  16  64   2  424 |  70.25   70   0  8 0 0  0  0 |  3.125e+14  3.877e+15  5.704e+16     0 -
  64  1  5.000e+15  417  445 CRUISE 2 176  16  64   2  424 |  70.25   70   0  8 0 0  0  0 |  3.125e+14  3.883e+15  5.784e+16     0 -
  65  1  5.000e+15  417  445 CRUISE 2 176  16  64   2  424 |  70.25   70   0  8 0 0  0  0 |  3.125e+14  3.889e+15  5.864e+16     0 -
  66  1          0    0  446 CRUISE 2 176  16  64   2  424 |  67.25   70   3  7 0 0  0  0 |          0  4.581e+14  5.818e+16     0 dip,quiet
  67  1          0    0  445 CRUISE 2 176  16  64   2  424 |  64.25   70   6  6 0 0  0  0 |          0  4.546e+14  5.773e+16     0 dip,quiet
  68  1          0    0  445 CRUISE 2 176  16  64   2  424 |  61.25   69   8  5 0 0  0  0 |          0  4.510e+14  5.728e+16     0 dip,quiet
  69  1  5.000e+15  417  445 CRUISE 2 176  16  64   2  424 |  63.50   69   6  8 0 0  0  0 |  3.125e+14  3.885e+15  5.808e+16     0 -
  70  1  5.000e+15  417  445 CRUISE 2 176  16  64   2  424 |  65.25   69   4  8 0 0  0  0 |  3.125e+14  3.891e+15  5.888e+16     0 -
  71  1  5.000e+15  417  446 CRUISE 2 176  16  64   2  424 |  66.50   69   3  8 0 0  0  0 |  3.125e+14  3.897e+15  5.967e+16     0 -
  72  1  5.000e+15  417  446 CRUISE 2 176  16  64   2  424 |  67.50   68   1  8 0 0  0  0 |  3.125e+14  3.904e+15  6.045e+16     0 -
  73  1  5.000e+15  417  446 CRUISE 2 176  16  64   2  424 |  68.25   68   0  8 0 0  0  0 |  3.125e+14  3.910e+15  6.123e+16     0 -
  74  1  5.000e+15  417  446 CRUISE 2 176  16  64   2  424 |  68.75   68   0  8 0 0  0  0 |  3.125e+14  3.916e+15  6.200e+16     0 -
  75  1  5.000e+15  417  446 CRUISE 2 176  16  64   2  424 |  69.25   69   0  8 0 0  0  0 |  3.125e+14  3.922e+15  6.277e+16     0 -
  76  1  5.000e+15  417  446 CRUISE 2 176  16  64   2  424 |  69.50   69   0  8 0 0  0  0 |  3.125e+14  3.928e+15  6.353e+16     0 -
  77  1  5.000e+15  417  447 CRUISE 2 176  16  64   2  424 |  69.75   69   0  8 0 0  0  0 |  3.125e+14  3.934e+15  6.428e+16     0 -
  78  1  5.000e+15  417  447 CRUISE 2 176  16  64   2  424 |  70.00   70   0  8 0 0  0  0 |  3.125e+14  3.940e+15  6.503e+16     0 -
  79  1  5.000e+15  417  447 CRUISE 2 176  16  64   2  424 |  70.25   70   0  8 0 0  0  0 |  3.125e+14  3.946e+15  6.577e+16     0 -
  80  1  5.000e+15  417  447 CRUISE 2 176  16  64   2  424 |  70.25   70   0  8 0 0  0  0 |  3.125e+14  3.951e+15  6.651e+16     0 -
  81  1  5.000e+15  417  447 CRUISE 2 176  16  64   2  424 |  70.25   70   0  8 0 0  0  0 |  3.125e+14  3.957e+15  6.724e+16     0 -
  82  1  5.000e+15  417  447 CRUISE 2 176  16  64   2  424 |  70.25   70   0  8 0 0  0  0 |  3.125e+14  3.963e+15  6.796e+16     0 -
  83  1  5.000e+15  417  448 CRUISE 2 176  16  64   2  424 |  70.25   70   0  8 0 0  0  0 |  3.125e+14  3.968e+15  6.868e+16     0 -
  84  1  5.000e+15  417  448 CRUISE 2 176  16  64   2  424 |  70.25   70   0  8 0 0  0  0 |  3.125e+14  3.974e+15  6.939e+16     0 -
  85  1  5.000e+15  417  448 CRUISE 2 176  16  64   2  424 |  70.25   70   0  8 0 0  0  0 |  3.125e+14  3.980e+15  7.010e+16     0 -
  86  1  5.000e+15  417  448 CRUISE 2 176  16  64   2  424 |  70.25   70   0  8 0 0  0  0 |  3.125e+14  3.985e+15  7.080e+16     0 -
  87  1  5.000e+15  417  448 CRUISE 2 176  16  64   2  424 |  70.25   70   0  8 0 0  0  0 |  3.125e+14  3.991e+15  7.150e+16     0 -
  88  1  5.000e+15  417  448 CRUISE 2 176  16  64   2  424 |  70.25   70   0  8 0 0  0  0 |  3.125e+14  3.996e+15  7.219e+16     0 -
  89  1          0    0  449 CRUISE 2 176  16  64   2  424 |  67.25   70   3  7 0 0  0  0 |          0  5.640e+14  7.163e+16     0 dip,quiet
  90  1          0    0  448 CRUISE 2 176  16  64   2  424 |  64.25   70   6  6 0 0  0  0 |          0  5.596e+14  7.107e+16     0 dip,quiet
  91  1          0    0  448 CRUISE 2 176  16  64   2  424 |  61.25   70   9  5 0 0  0  0 |          0  5.552e+14  7.051e+16     0 dip,quiet
  92  1          0    0  448 CRUISE 2 176  16  64   2  424 |  58.25   69  11  4 0 0  0  0 |          0  5.509e+14  6.996e+16     0 dip,quiet
  93  1          0    0  448 CRUISE 2 176  16  64   2  424 |  55.25   69  14  3 0 0  0  0 |          0  5.466e+14  6.942e+16     0 dip,quiet
  94  1          0    0  448 DEFEND 2 256   0   0  34  424 |  52.25   69  17  2 0 0  0  3 |          0  9.219e+15  6.020e+16     0 dip,quiet,release
  95  1          0    0  446 DEFEND 2 256   0   0  40  424 |  49.25   69  20  1 0 0  0  2 |          0  9.406e+15  5.079e+16     0 dip,quiet,release
  96  1  5.000e+15  417  444 DEFEND 2 256   0   0  32  424 |  54.50   68  14  8 0 0  0  1 |          0  1.135e+16  4.444e+16     0 release
  97  1  5.000e+15  417  442 DEFEND 2 256   0   0  32  424 |  58.50   68  10  8 0 0  0  0 |          0  1.056e+16  3.889e+16     0 release
  98  1  5.000e+15  417  441   REST 2 176  16  64   2  424 |  61.50   68   7  8 0 0  5  0 |  3.125e+14  3.741e+15  3.983e+16     0 cooldown
  99  1  5.000e+15  417  441   REST 2 176  16  64   2  424 |  63.75   68   5  8 0 0  4  0 |  3.125e+14  3.749e+15  4.077e+16     0 cooldown
 100  1  5.000e+15  417  442   REST 2 176  16  64   2  424 |  65.50   67   2  8 0 0  3  0 |  3.125e+14  3.756e+15  4.170e+16     0 cooldown
 101  1  5.000e+15  417  442   REST 2 176  16  64   2  424 |  66.75   67   1  8 0 0  2  0 |  3.125e+14  3.763e+15  4.263e+16     0 cooldown
 102  1  5.000e+15  417  442   REST 2 176  16  64   2  424 |  67.75   67   0  8 0 0  1  0 |  3.125e+14  3.771e+15  4.354e+16     0 cooldown
 103  1  5.000e+15  417  442   REST 2 176  16  64   2  424 |  68.50   68   0  8 0 0  0  0 |  3.125e+14  3.778e+15  4.445e+16     0 cooldown
 104  1  5.000e+15  417  442 CRUISE 2 176  16  64   2  424 |  69.00   69   0  8 0 0  0  0 |  3.125e+14  3.785e+15  4.536e+16     0 -
 105  1  5.000e+15  417  443 CRUISE 2 176  16  64   2  424 |  69.50   69   0  8 0 0  0  0 |  3.125e+14  3.792e+15  4.625e+16     0 -
 106  1  5.000e+15  417  443 CRUISE 2 176  16  64   2  424 |  69.75   69   0  8 0 0  0  0 |  3.125e+14  3.799e+15  4.714e+16     0 -
 107  1  5.000e+15  417  443 CRUISE 2 176  16  64   2  424 |  70.00   70   0  8 0 0  0  0 |  3.125e+14  3.806e+15  4.802e+16     0 -
 108  1  5.000e+15  417  443 CRUISE 2 176  16  64   2  424 |  70.25   70   0  8 0 0  0  0 |  3.125e+14  3.813e+15  4.890e+16     0 -
 109  1  5.000e+15  417  443 CRUISE 2 176  16  64   2  424 |  70.25   70   0  8 0 0  0  0 |  3.125e+14  3.820e+15  4.977e+16     0 -
 110  1  5.000e+15  417  444 CRUISE 2 176  16  64   2  424 |  70.25   70   0  8 0 0  0  0 |  3.125e+14  3.826e+15  5.063e+16     0 -
 111  1  5.000e+15  417  444 CRUISE 2 176  16  64   2  424 |  70.25   70   0  8 0 0  0  0 |  3.125e+14  3.833e+15  5.148e+16     0 -
 112  1  5.000e+15  417  444 CRUISE 2 176  16  64   2  424 |  70.25   70   0  8 0 0  0  0 |  3.125e+14  3.840e+15  5.233e+16     0 -
 113  1  5.000e+15  417  444 CRUISE 2 176  16  64   2  424 |  70.25   70   0  8 0 0  0  0 |  3.125e+14  3.846e+15  5.317e+16     0 -
 114  1  5.000e+15  417  444 CRUISE 2 176  16  64   2  424 |  70.25   70   0  8 0 0  0  0 |  3.125e+14  3.853e+15  5.400e+16     0 -
 115  1  5.000e+15  417  444 CRUISE 2 176  16  64   2  424 |  70.25   70   0  8 0 0  0  0 |  3.125e+14  3.859e+15  5.483e+16     0 -

pause-return           ep  115 settles  115  in 5.000e+17  allow   7.4%  bought  81.7%  left  11.0%  maxRes  16.6 ep  tier 2  clamp 0  {'CRUISE': 105, 'DEFEND': 4, 'REST': 6}
