Flow ramps up by 1.5x per epoch for 12 epochs and stays high.

  ep dt     inflow  TAX  RES   mode T buy alw res REL CEIL |      A   PK  dd LV W S CD TR |      allow     bought    reserve clamp flags
----------------------------------------------------------------------------------------------------------------------------------------
   1  1  5.000e+15  417    0 CRUISE 0 144  48  64   2  440 |  71.00   71   0  8 3 0  0  0 |  9.375e+14  2.812e+15  1.250e+15     0 warm
   2  1  5.000e+15  417  401 CRUISE 1 160  32  64   2  432 |  71.00   71   0  8 2 0  0  0 |  6.250e+14  3.135e+15  2.490e+15     0 tierup,warm
   3  1  5.000e+15  417  409 CRUISE 1 160  32  64   2  432 |  71.00   71   0  8 1 0  0  0 |  6.250e+14  3.144e+15  3.721e+15     0 warm
   4  1  5.000e+15  417  414 CRUISE 1 160  32  64   2  432 |  71.00   71   0  8 0 0  0  0 |  6.250e+14  3.154e+15  4.942e+15     0 warm
   5  1  5.000e+15  417  417 CRUISE 1 160  32  64   2  432 |  71.00   71   0  8 0 0  0  0 |  6.250e+14  3.164e+15  6.153e+15     0 -
   6  1  5.000e+15  417  419 CRUISE 1 160  32  64   2  432 |  71.00   71   0  8 0 0  0  0 |  6.250e+14  3.173e+15  7.355e+15     0 -
   7  1  5.000e+15  417  422 CRUISE 1 160  32  64   2  432 |  71.00   71   0  8 0 0  0  0 |  6.250e+14  3.182e+15  8.548e+15     0 -
   8  1  5.000e+15  417  424 CRUISE 1 160  32  64   2  432 |  71.00   71   0  8 0 0  0  0 |  6.250e+14  3.192e+15  9.731e+15     0 -
   9  1  5.000e+15  417  425 CRUISE 1 160  32  64   2  432 |  71.00   71   0  8 0 0  0  0 |  6.250e+14  3.201e+15  1.090e+16     0 -
  10  1  5.000e+15  417  426 CRUISE 1 160  32  64   2  432 |  71.00   71   0  8 0 0  0  0 |  6.250e+14  3.210e+15  1.207e+16     0 -
  11  1  5.000e+15  417  427 CRUISE 1 160  32  64   2  432 |  71.00   71   0  8 0 0  0  0 |  6.250e+14  3.219e+15  1.323e+16     0 -
  12  1  5.000e+15  417  428 CRUISE 1 160  32  64   2  432 |  71.00   71   0  8 0 0  0  0 |  6.250e+14  3.228e+15  1.437e+16     0 -
  13  1  5.000e+15  417  429 CRUISE 1 160  32  64   2  432 |  71.00   71   0  8 0 0  0  0 |  6.250e+14  3.237e+15  1.551e+16     0 -
  14  1  5.000e+15  417  430 CRUISE 1 160  32  64   2  432 |  71.00   71   0  8 0 0  0  0 |  6.250e+14  3.246e+15  1.664e+16     0 -
  15  1  5.000e+15  417  431 CRUISE 1 160  32  64   2  432 |  71.00   71   0  8 0 0  0  0 |  6.250e+14  3.255e+15  1.776e+16     0 -
  16  1  5.000e+15  417  432 CRUISE 1 160  32  64   2  432 |  71.00   71   0  8 0 0  0  0 |  6.250e+14  3.264e+15  1.887e+16     0 -
  17  1  5.000e+15  417  433 CRUISE 1 160  32  64   2  432 |  71.00   71   0  8 0 0  0  0 |  6.250e+14  3.272e+15  1.997e+16     0 -
  18  1  5.000e+15  417  433 CRUISE 1 160  32  64   2  432 |  71.00   71   0  8 0 0  0  0 |  6.250e+14  3.281e+15  2.107e+16     0 -
  19  1  5.000e+15  417  434 CRUISE 1 160  32  64   2  432 |  71.00   71   0  8 0 0  0  0 |  6.250e+14  3.290e+15  2.215e+16     0 -
  20  1  5.000e+15  417  434 CRUISE 2 176  16  64   2  424 |  71.00   71   0  8 0 0  0  0 |  3.125e+14  3.611e+15  2.323e+16     0 tierup
  21  1  5.000e+15  417  435 CRUISE 2 176  16  64   2  424 |  71.00   71   0  8 0 0  0  0 |  3.125e+14  3.619e+15  2.430e+16     0 -
  22  1  5.000e+15  417  435 CRUISE 2 176  16  64   2  424 |  71.00   71   0  8 0 0  0  0 |  3.125e+14  3.627e+15  2.536e+16     0 -
  23  1  5.000e+15  417  436 CRUISE 2 176  16  64   2  424 |  71.00   71   0  8 0 0  0  0 |  3.125e+14  3.636e+15  2.641e+16     0 -
  24  1  5.000e+15  417  436 CRUISE 2 176  16  64   2  424 |  71.00   71   0  8 0 0  0  0 |  3.125e+14  3.644e+15  2.745e+16     0 -
  25  1  5.000e+15  417  437 CRUISE 2 176  16  64   2  424 |  71.00   71   0  8 0 0  0  0 |  3.125e+14  3.652e+15  2.849e+16     0 -
  26  1  5.000e+15  417  437 CRUISE 2 176  16  64   2  424 |  71.00   71   0  8 0 0  0  0 |  3.125e+14  3.660e+15  2.952e+16     0 -
  27  1  5.000e+15  417  438 CRUISE 2 176  16  64   2  424 |  71.00   71   0  8 0 0  0  0 |  3.125e+14  3.668e+15  3.054e+16     0 -
  28  1  5.000e+15  417  438 CRUISE 2 176  16  64   2  424 |  71.00   71   0  8 0 0  0  0 |  3.125e+14  3.676e+15  3.155e+16     0 -
  29  1  5.000e+15  417  439 CRUISE 2 176  16  64   2  424 |  71.00   71   0  8 0 0  0  0 |  3.125e+14  3.684e+15  3.255e+16     0 -
  30  1  5.000e+15  417  439 CRUISE 2 176  16  64   2  424 |  71.00   71   0  8 0 0  0  0 |  3.125e+14  3.692e+15  3.355e+16     0 -
  31  1  5.000e+15  417  439 CRUISE 2 176  16  64   2  424 |  71.00   71   0  8 0 0  0  0 |  3.125e+14  3.700e+15  3.453e+16     0 -
  32  1  5.000e+15  417  440 CRUISE 2 176  16  64   2  424 |  71.00   71   0  8 0 0  0  0 |  3.125e+14  3.707e+15  3.551e+16     0 -
  33  1  5.000e+15  417  440 CRUISE 2 176  16  64   2  424 |  71.00   71   0  8 0 0  0  0 |  3.125e+14  3.715e+15  3.649e+16     0 -
  34  1  5.000e+15  417  441 CRUISE 2 176  16  64   2  424 |  71.00   71   0  8 0 0  0  0 |  3.125e+14  3.723e+15  3.745e+16     0 -
  35  1  5.000e+15  417  441 CRUISE 2 176  16  64   2  424 |  71.00   71   0  8 0 0  0  0 |  3.125e+14  3.730e+15  3.841e+16     0 -
  36  1  5.000e+15  417  441 CRUISE 2 176  16  64   2  424 |  71.00   71   0  8 0 0  0  0 |  3.125e+14  3.738e+15  3.936e+16     0 -
  37  1  5.000e+15  417  441 CRUISE 2 176  16  64   2  424 |  71.00   71   0  8 0 0  0  0 |  3.125e+14  3.745e+15  4.030e+16     0 -
  38  1  5.000e+15  417  441 CRUISE 2 176  16  64   2  424 |  71.00   71   0  8 0 0  0  0 |  3.125e+14  3.752e+15  4.124e+16     0 -
  39  1  5.000e+15  417  442 CRUISE 2 176  16  64   2  424 |  71.00   71   0  8 0 0  0  0 |  3.125e+14  3.760e+15  4.216e+16     0 -
  40  1  5.000e+15  417  442 CRUISE 2 176  16  64   2  424 |  71.00   71   0  8 0 0  0  0 |  3.125e+14  3.767e+15  4.309e+16     0 -
  41  1  7.500e+15  422  442 CRUISE 2 176  16  64   2  424 |  72.25   72   0  8 0 0  0  0 |  4.688e+14  5.493e+15  4.462e+16     0 -
  42  1  1.125e+16  426  442 CRUISE 2 176  16  64   2  424 |  74.00   74   0  8 0 1  0  0 |  7.031e+14  8.083e+15  4.709e+16     0 surge
  43  1  1.688e+16  431  443   BANK 2 108   8 140   2  424 |  76.75   76   0  8 0 2  0  0 |  5.273e+14  7.487e+15  5.595e+16     0 surge
  44  1  2.531e+16  436  445   BANK 2  96   8 152   2  424 |  80.00   80   0  8 0 3  0  0 |  7.910e+14  9.929e+15  7.054e+16     0 surge
  45  1  3.797e+16  441  448   BANK 2  92   8 156   2  424 |  83.75   83   0  8 0 3  0  0 |  1.187e+15  1.420e+16  9.313e+16     0 surge
  46  1  5.695e+16  445  451   BANK 2  88   8 160   2  424 |  87.50   87   0  8 0 3  0  0 |  1.780e+15  2.031e+16  1.280e+17     0 surge
  47  1  8.543e+16  450  455   BANK 2  84   8 164   2  424 |  91.50   91   0  8 0 3  0  0 |  2.670e+15  2.903e+16  1.817e+17     0 surge
  48  1  1.281e+17  455  459   BANK 2  80   8 168   2  424 |  95.75   95   0  8 0 3  0  0 |  4.005e+15  4.146e+16  2.644e+17     0 surge
  49  1  1.922e+17  459  463   BANK 2  80   8 168   2  424 | 100.00  100   0  8 0 3  0  0 |  6.007e+15  6.213e+16  3.885e+17     0 surge
  50  1  2.883e+17  465  467   BANK 3  80   4 172   2  416 | 104.75  104   0  8 0 3  0  0 |  4.222e+15  9.314e+16  5.794e+17     0 surge,tierup
  51  1  4.325e+17  469  473   BANK 3  80   4 172   2  416 | 109.25  109   0  8 0 3  0  0 |  4.222e+15  1.397e+17  8.680e+17     0 surge
  52  1  6.487e+17  474  477   BANK 3  80   4 172   2  416 | 113.75  113   0  8 0 3  0  0 |  4.222e+15  2.095e+17  1.303e+18     0 surge
  53  1  6.500e+17  474  482   BANK 3  96   4 156   2  416 | 117.25  117   0  8 0 3  0  0 |  4.222e+15  2.539e+17  1.695e+18     0 surge
  54  1  6.500e+17  474  484   BANK 3 112   4 140   2  416 | 119.75  119   0  8 0 3  0  0 |  4.222e+15  2.976e+17  2.043e+18     0 surge
  55  1  6.500e+17  474  487   BANK 3 120   4 132   2  416 | 121.75  121   0  8 0 3  0  0 |  4.222e+15  3.206e+17  2.368e+18     0 surge
  56  1  6.500e+17  474  489   BANK 3 124   4 128   2  416 | 123.25  123   0  8 0 2  0  0 |  4.222e+15  3.333e+17  2.681e+18     0 -
  57  1  6.500e+17  474  490   BANK 3 124   4 128   2  416 | 124.25  124   0  8 0 1  0  0 |  4.222e+15  3.358e+17  2.991e+18     0 -
  58  1  6.500e+17  474  491 CRUISE 3 184   8  64   2  416 | 125.00  125   0  8 0 0  0  0 |  4.222e+15  4.906e+17  3.146e+18     0 -
  59  1  6.500e+17  474  491 CRUISE 3 184   8  64   2  416 | 125.75  125   0  8 0 0  0  0 |  4.222e+15  4.918e+17  3.300e+18     0 -
  60  1  6.500e+17  474  492 CRUISE 3 184   8  64   2  416 | 126.25  126   0  8 0 0  0  0 |  4.222e+15  4.930e+17  3.453e+18     0 -
  61  1  6.500e+17  474  492 CRUISE 3 184   8  64   2  416 | 126.50  126   0  8 0 0  0  0 |  4.222e+15  4.942e+17  3.604e+18     0 -
  62  1  6.500e+17  474  493 CRUISE 3 184   8  64   2  416 | 126.75  126   0  8 0 0  0  0 |  4.222e+15  4.953e+17  3.755e+18     0 -
  63  1  6.500e+17  474  494 CRUISE 3 184   8  64   2  416 | 127.00  127   0  8 0 0  0  0 |  4.222e+15  4.965e+17  3.904e+18     0 -
  64  1  6.500e+17  474  494 CRUISE 3 184   8  64   2  416 | 127.25  127   0  8 0 0  0  0 |  4.222e+15  4.977e+17  4.052e+18     0 -
  65  1  6.500e+17  474  495 CRUISE 3 184   8  64   2  416 | 127.25  127   0  8 0 0  0  0 |  4.222e+15  4.988e+17  4.199e+18     0 -
  66  1  6.500e+17  474  495 CRUISE 3 184   8  64   2  416 | 127.25  127   0  8 0 0  0  0 |  4.222e+15  5.000e+17  4.345e+18     0 -
  67  1  6.500e+17  474  496 CRUISE 3 184   8  64   2  416 | 127.25  127   0  8 0 0  0  0 |  4.222e+15  5.011e+17  4.489e+18     0 -
  68  1  6.500e+17  474  496 CRUISE 3 184   8  64   2  416 | 127.25  127   0  8 0 0  0  0 |  4.222e+15  5.023e+17  4.633e+18     0 -
  69  1  6.500e+17  474  497 CRUISE 3 184   8  64   2  416 | 127.25  127   0  8 0 0  0  0 |  4.222e+15  5.034e+17  4.775e+18     0 -
  70  1  6.500e+17  474  497 CRUISE 3 184   8  64   2  416 | 127.25  127   0  8 0 0  0  0 |  4.222e+15  5.045e+17  4.917e+18     0 -
  71  1  6.500e+17  474  497 CRUISE 3 184   8  64   2  416 | 127.25  127   0  8 0 0  0  0 |  4.222e+15  5.056e+17  5.057e+18     0 -
  72  1  6.500e+17  474  497 CRUISE 3 184   8  64   2  416 | 127.25  127   0  8 0 0  0  0 |  4.222e+15  5.067e+17  5.196e+18     0 -
  73  1  6.500e+17  474  498 CRUISE 3 184   8  64   2  416 | 127.25  127   0  8 0 0  0  0 |  4.222e+15  5.078e+17  5.334e+18     0 -
  74  1  6.500e+17  474  498 CRUISE 3 184   8  64   2  416 | 127.25  127   0  8 0 0  0  0 |  4.222e+15  5.089e+17  5.471e+18     0 -
  75  1  6.500e+17  474  498 CRUISE 3 184   8  64   2  416 | 127.25  127   0  8 0 0  0  0 |  4.222e+15  5.099e+17  5.607e+18     0 -
  76  1  6.500e+17  474  498 CRUISE 3 184   8  64   2  416 | 127.25  127   0  8 0 0  0  0 |  4.222e+15  5.110e+17  5.741e+18     0 -
  77  1  6.500e+17  474  498 CRUISE 3 184   8  64   2  416 | 127.25  127   0  8 0 0  0  0 |  4.222e+15  5.120e+17  5.875e+18     0 -
  78  1  6.500e+17  474  499 CRUISE 3 184   8  64   2  416 | 127.25  127   0  8 0 0  0  0 |  4.222e+15  5.131e+17  6.008e+18     0 -
  79  1  6.500e+17  474  499 CRUISE 3 184   8  64   2  416 | 127.25  127   0  8 0 0  0  0 |  4.222e+15  5.141e+17  6.139e+18     0 -
  80  1  6.500e+17  474  499 CRUISE 3 184   8  64   2  416 | 127.25  127   0  8 0 0  0  0 |  4.222e+15  5.152e+17  6.270e+18     0 -
  81  1  6.500e+17  474  499 CRUISE 3 184   8  64   2  416 | 127.25  127   0  8 0 0  0  0 |  4.222e+15  5.162e+17  6.400e+18     0 -
  82  1  6.500e+17  474  500 CRUISE 3 184   8  64   2  416 | 127.25  127   0  8 0 0  0  0 |  4.222e+15  5.172e+17  6.528e+18     0 -
  83  1  6.500e+17  474  500 CRUISE 3 184   8  64   2  416 | 127.25  127   0  8 0 0  0  0 |  4.222e+15  5.182e+17  6.656e+18     0 -
  84  1  6.500e+17  474  500 CRUISE 3 184   8  64   2  416 | 127.25  127   0  8 0 0  0  0 |  4.222e+15  5.192e+17  6.783e+18     0 -
  85  1  6.500e+17  474  500 CRUISE 3 184   8  64   2  416 | 127.25  127   0  8 0 0  0  0 |  4.222e+15  5.202e+17  6.908e+18     0 -
  86  1  6.500e+17  474  500 CRUISE 3 184   8  64   2  416 | 127.25  127   0  8 0 0  0  0 |  4.222e+15  5.212e+17  7.033e+18     0 -
  87  1  6.500e+17  474  501 CRUISE 3 184   8  64   2  416 | 127.25  127   0  8 0 0  0  0 |  4.222e+15  5.221e+17  7.156e+18     0 -
  88  1  6.500e+17  474  501 CRUISE 3 184   8  64   2  416 | 127.25  127   0  8 0 0  0  0 |  4.222e+15  5.231e+17  7.279e+18     0 -
  89  1  6.500e+17  474  501 CRUISE 3 184   8  64   2  416 | 127.25  127   0  8 0 0  0  0 |  4.222e+15  5.241e+17  7.401e+18     0 -
  90  1  6.500e+17  474  501 CRUISE 3 184   8  64   2  416 | 127.25  127   0  8 0 0  0  0 |  4.222e+15  5.250e+17  7.522e+18     0 -
  91  1  6.500e+17  474  502 CRUISE 3 184   8  64   2  416 | 127.25  127   0  8 0 0  0  0 |  4.222e+15  5.259e+17  7.641e+18     0 -
  92  1  6.500e+17  474  502 CRUISE 3 184   8  64   2  416 | 127.25  127   0  8 0 0  0  0 |  4.222e+15  5.269e+17  7.760e+18     0 -

ramp                   ep   92 settles   92  in 2.813e+19  allow   0.8%  bought  71.6%  left  27.6%  maxRes  25.4 ep  tier 3  clamp 0  {'CRUISE': 77, 'BANK': 15}
