Long silence, then the same ordinary volume returns. It must not be classed as a surge.

  ep dt     inflow      echo  TAX  RES   mode T buy alw res REL CEIL |      A   PK  dd LV W S CD TR |      allow    decided     bought    reserve clamp   kernel flags
----------------------------------------------------------------------------------------------------------------------------------------------------------------------
   1  1  5.000e+15         0  417    0 CRUISE 0 144  48  64   2  440 |  71.00   71   0  8 3 0  0  0 |  9.375e+14  2.812e+15  2.812e+15  1.250e+15     0        - warm
   2  1  5.084e+15 8.438e+13  418  401 CRUISE 1 160  32  64   2  432 |  72.00   72   0  8 2 0  0  0 |  6.355e+14  3.188e+15  3.188e+15  2.511e+15     0        - tierup,warm
   3  1  5.096e+15 9.562e+13  418  409 CRUISE 1 160  32  64   2  432 |  72.00   72   0  8 1 0  0  0 |  6.370e+14  3.204e+15  3.204e+15  3.766e+15     0        - warm
   4  1  5.096e+15 9.613e+13  418  414 CRUISE 1 160  32  64   2  432 |  72.00   72   0  8 0 0  0  0 |  6.370e+14  3.215e+15  3.215e+15  5.010e+15     0        - warm
   5  1  5.096e+15 9.644e+13  418  417 CRUISE 1 160  32  64   2  432 |  72.00   72   0  8 0 0  0  0 |  6.371e+14  3.224e+15  3.224e+15  6.245e+15     0        - -
   6  1  5.097e+15 9.673e+13  418  420 CRUISE 1 160  32  64   2  432 |  72.00   72   0  8 0 0  0  0 |  6.371e+14  3.234e+15  3.234e+15  7.471e+15     0        - -
   7  1  5.097e+15 9.703e+13  418  422 CRUISE 1 160  32  64   2  432 |  72.00   72   0  8 0 0  0  0 |  6.371e+14  3.244e+15  3.244e+15  8.686e+15     0        - -
   8  1  5.097e+15 9.732e+13  418  424 CRUISE 1 160  32  64   2  432 |  72.00   72   0  8 0 0  0  0 |  6.372e+14  3.254e+15  3.254e+15  9.893e+15     0        - -
   9  1  5.098e+15 9.761e+13  418  425 CRUISE 1 160  32  64   2  432 |  72.00   72   0  8 0 0  0  0 |  6.372e+14  3.263e+15  3.263e+15  1.109e+16     0        - -
  10  1  5.098e+15 9.790e+13  418  426 CRUISE 1 160  32  64   2  432 |  72.00   72   0  8 0 0  0  0 |  6.372e+14  3.273e+15  3.273e+15  1.228e+16     0        - -
  11  1  5.098e+15 9.818e+13  418  427 CRUISE 1 160  32  64   2  432 |  72.00   72   0  8 0 0  0  0 |  6.373e+14  3.282e+15  3.282e+15  1.346e+16     0        - -
  12  1  5.098e+15 9.847e+13  418  428 CRUISE 1 160  32  64   2  432 |  72.00   72   0  8 0 0  0  0 |  6.373e+14  3.292e+15  3.292e+15  1.463e+16     0        - -
  13  1  5.099e+15 9.875e+13  418  429 CRUISE 1 160  32  64   2  432 |  72.00   72   0  8 0 0  0  0 |  6.373e+14  3.301e+15  3.301e+15  1.579e+16     0        - -
  14  1  5.099e+15 9.903e+13  418  431 CRUISE 1 160  32  64   2  432 |  72.00   72   0  8 0 0  0  0 |  6.374e+14  3.310e+15  3.310e+15  1.694e+16     0        - -
  15  1  5.099e+15 9.931e+13  418  432 CRUISE 1 160  32  64   2  432 |  72.00   72   0  8 0 0  0  0 |  6.374e+14  3.319e+15  3.319e+15  1.808e+16     0        - -
  16  1  5.100e+15 9.958e+13  418  433 CRUISE 1 160  32  64   2  432 |  72.00   72   0  8 0 0  0  0 |  6.374e+14  3.328e+15  3.328e+15  1.921e+16     0        - -
  17  1  5.100e+15 9.985e+13  418  433 CRUISE 1 160  32  64   2  432 |  72.00   72   0  8 0 0  0  0 |  6.375e+14  3.338e+15  3.338e+15  2.034e+16     0        - -
  18  1  5.100e+15 1.001e+14  418  434 CRUISE 1 160  32  64   2  432 |  72.00   72   0  8 0 0  0  0 |  6.375e+14  3.346e+15  3.346e+15  2.145e+16     0        - -
  19  1  5.100e+15 1.004e+14  418  434 CRUISE 1 160  32  64   2  432 |  72.00   72   0  8 0 0  0  0 |  6.375e+14  3.355e+15  3.355e+15  2.256e+16     0        - -
  20  1  5.101e+15 1.007e+14  418  435 CRUISE 2 176  16  64   2  424 |  72.00   72   0  8 0 0  0  0 |  3.188e+14  3.683e+15  3.683e+15  2.366e+16     0        - tierup
  21  1  5.110e+15 1.105e+14  418  435 CRUISE 2 176  16  64   2  424 |  72.00   72   0  8 0 0  0  0 |  3.194e+14  3.698e+15  3.698e+15  2.475e+16     0        - -
  22  1  5.111e+15 1.109e+14  418  435 CRUISE 2 176  16  64   2  424 |  72.00   72   0  8 0 0  0  0 |  3.194e+14  3.707e+15  3.707e+15  2.584e+16     0        - -
  23  1  5.111e+15 1.112e+14  418  436 CRUISE 2 176  16  64   2  424 |  72.00   72   0  8 0 0  0  0 |  3.195e+14  3.716e+15  3.716e+15  2.691e+16     0        - -
  24  1  5.111e+15 1.115e+14  418  436 CRUISE 2 176  16  64   2  424 |  72.00   72   0  8 0 0  0  0 |  3.195e+14  3.724e+15  3.724e+15  2.798e+16     0        - -
  25  1  5.112e+15 1.117e+14  418  437 CRUISE 2 176  16  64   2  424 |  72.00   72   0  8 0 0  0  0 |  3.195e+14  3.733e+15  3.733e+15  2.904e+16     0        - -
  26  1  5.112e+15 1.120e+14  418  437 CRUISE 2 176  16  64   2  424 |  72.00   72   0  8 0 0  0  0 |  3.195e+14  3.741e+15  3.741e+15  3.009e+16     0        - -
  27  1  5.112e+15 1.122e+14  418  438 CRUISE 2 176  16  64   2  424 |  72.00   72   0  8 0 0  0  0 |  3.195e+14  3.750e+15  3.750e+15  3.114e+16     0        - -
  28  1  5.112e+15 1.125e+14  418  438 CRUISE 2 176  16  64   2  424 |  72.00   72   0  8 0 0  0  0 |  3.195e+14  3.758e+15  3.758e+15  3.217e+16     0        - -
  29  1  5.113e+15 1.127e+14  418  439 CRUISE 2 176  16  64   2  424 |  72.00   72   0  8 0 0  0  0 |  3.195e+14  3.766e+15  3.766e+15  3.320e+16     0        - -
  30  1  5.113e+15 1.130e+14  418  439 CRUISE 2 176  16  64   2  424 |  72.00   72   0  8 0 0  0  0 |  3.196e+14  3.775e+15  3.775e+15  3.422e+16     0        - -
  31  1  5.113e+15 1.132e+14  418  440 CRUISE 2 176  16  64   2  424 |  72.00   72   0  8 0 0  0  0 |  3.196e+14  3.783e+15  3.783e+15  3.523e+16     0        - -
  32  1  5.113e+15 1.135e+14  418  440 CRUISE 2 176  16  64   2  424 |  72.00   72   0  8 0 0  0  0 |  3.196e+14  3.791e+15  3.791e+15  3.623e+16     0        - -
  33  1  5.114e+15 1.137e+14  418  441 CRUISE 2 176  16  64   2  424 |  72.00   72   0  8 0 0  0  0 |  3.196e+14  3.799e+15  3.799e+15  3.723e+16     0        - -
  34  1  5.114e+15 1.140e+14  418  441 CRUISE 2 176  16  64   2  424 |  72.00   72   0  8 0 0  0  0 |  3.196e+14  3.807e+15  3.807e+15  3.821e+16     0        - -
  35  1  5.114e+15 1.142e+14  418  441 CRUISE 2 176  16  64   2  424 |  72.00   72   0  8 0 0  0  0 |  3.196e+14  3.815e+15  3.815e+15  3.919e+16     0        - -
  36  1  5.114e+15 1.144e+14  418  441 CRUISE 2 176  16  64   2  424 |  72.00   72   0  8 0 0  0  0 |  3.197e+14  3.822e+15  3.822e+15  4.017e+16     0        - -
  37  1  5.115e+15 1.147e+14  418  441 CRUISE 2 176  16  64   2  424 |  72.00   72   0  8 0 0  0  0 |  3.197e+14  3.830e+15  3.830e+15  4.113e+16     0        - -
  38  1  5.115e+15 1.149e+14  418  442 CRUISE 2 176  16  64   2  424 |  72.00   72   0  8 0 0  0  0 |  3.197e+14  3.838e+15  3.838e+15  4.209e+16     0        - -
  39  1  5.115e+15 1.151e+14  418  442 CRUISE 2 176  16  64   2  424 |  72.00   72   0  8 0 0  0  0 |  3.197e+14  3.845e+15  3.845e+15  4.304e+16     0        - -
  40  1  5.115e+15 1.154e+14  418  442 CRUISE 2 176  16  64   2  424 |  72.00   72   0  8 0 0  0  0 |  3.197e+14  3.853e+15  3.853e+15  4.398e+16     0        - -
  41  1  5.116e+15 1.156e+14  418  442 CRUISE 2 176  16  64   2  424 |  72.00   72   0  8 0 0  0  0 |  3.197e+14  3.861e+15  3.861e+15  4.492e+16     0        - -
  42  1  5.116e+15 1.158e+14  418  442 CRUISE 2 176  16  64   2  424 |  72.00   72   0  8 0 0  0  0 |  3.197e+14  3.868e+15  3.868e+15  4.584e+16     0        - -
  43  1  5.116e+15 1.160e+14  418  443 CRUISE 2 176  16  64   2  424 |  72.00   72   0  8 0 0  0  0 |  3.198e+14  3.875e+15  3.875e+15  4.676e+16     0        - -
  44  1  5.116e+15 1.163e+14  418  443 CRUISE 2 176  16  64   2  424 |  72.00   72   0  8 0 0  0  0 |  3.198e+14  3.883e+15  3.883e+15  4.768e+16     0        - -
  45  1  5.116e+15 1.165e+14  418  443 CRUISE 2 176  16  64   2  424 |  72.00   72   0  8 0 0  0  0 |  3.198e+14  3.890e+15  3.890e+15  4.859e+16     0        - -
  46  1  5.117e+15 1.167e+14  418  443 CRUISE 2 176  16  64   2  424 |  72.00   72   0  8 0 0  0  0 |  3.198e+14  3.897e+15  3.897e+15  4.948e+16     0        - -
  47  1  5.117e+15 1.169e+14  418  443 CRUISE 2 176  16  64   2  424 |  72.00   72   0  8 0 0  0  0 |  3.198e+14  3.904e+15  3.904e+15  5.038e+16     0        - -
  48  1  5.117e+15 1.171e+14  418  444 CRUISE 2 176  16  64   2  424 |  72.00   72   0  8 0 0  0  0 |  3.198e+14  3.912e+15  3.912e+15  5.126e+16     0        - -
  49  1  5.117e+15 1.173e+14  418  444 CRUISE 2 176  16  64   2  424 |  72.00   72   0  8 0 0  0  0 |  3.198e+14  3.919e+15  3.919e+15  5.214e+16     0        - -
  50  1  5.118e+15 1.176e+14  418  444 CRUISE 2 176  16  64   2  424 |  72.00   72   0  8 0 0  0  0 |  3.198e+14  3.926e+15  3.926e+15  5.301e+16     0        - -
  51  1  5.118e+15 1.178e+14  418  444 CRUISE 2 176  16  64   2  424 |  72.00   72   0  8 0 0  0  0 |  3.199e+14  3.933e+15  3.933e+15  5.388e+16     0        - -
  52  1  5.118e+15 1.180e+14  418  444 CRUISE 2 176  16  64   2  424 |  72.00   72   0  8 0 0  0  0 |  3.199e+14  3.940e+15  3.940e+15  5.474e+16     0        - -
  53  1  5.118e+15 1.182e+14  418  445 CRUISE 2 176  16  64   2  424 |  72.00   72   0  8 0 0  0  0 |  3.199e+14  3.946e+15  3.946e+15  5.559e+16     0        - -
  54  1  5.118e+15 1.184e+14  418  445 CRUISE 2 176  16  64   2  424 |  72.00   72   0  8 0 0  0  0 |  3.199e+14  3.953e+15  3.953e+15  5.643e+16     0        - -
  55  1  5.119e+15 1.186e+14  418  445 CRUISE 2 176  16  64   2  424 |  72.00   72   0  8 0 0  0  0 |  3.199e+14  3.960e+15  3.960e+15  5.727e+16     0        - -
  56  1  5.119e+15 1.188e+14  418  445 CRUISE 2 176  16  64   2  424 |  72.00   72   0  8 0 0  0  0 |  3.199e+14  3.967e+15  3.967e+15  5.811e+16     0        - -
  57  1  5.119e+15 1.190e+14  418  445 CRUISE 2 176  16  64   2  424 |  72.00   72   0  8 0 0  0  0 |  3.199e+14  3.973e+15  3.973e+15  5.893e+16     0        - -
  58  1  5.119e+15 1.192e+14  418  446 CRUISE 2 176  16  64   2  424 |  72.00   72   0  8 0 0  0  0 |  3.199e+14  3.980e+15  3.980e+15  5.975e+16     0        - -
  59  1  5.119e+15 1.194e+14  418  446 CRUISE 2 176  16  64   2  424 |  72.00   72   0  8 0 0  0  0 |  3.200e+14  3.986e+15  3.986e+15  6.056e+16     0        - -
  60  1  5.120e+15 1.196e+14  418  446 CRUISE 2 176  16  64   2  424 |  72.00   72   0  8 0 0  0  0 |  3.200e+14  3.993e+15  3.993e+15  6.137e+16     0        - -
  61  1  1.198e+14 1.198e+14  374  446 CRUISE 2 176  16  64   2  424 |  69.00   72   3  8 0 0  0  0 |  7.487e+12  5.618e+14  5.618e+14  6.092e+16     0        - dip
  62  1  1.685e+13 1.685e+13  352  446 CRUISE 2 176  16  64   2  424 |  66.00   72   6  8 0 0  0  0 |  1.053e+12  4.875e+14  4.875e+14  6.045e+16     0        - dip
  63  1  1.463e+13 1.463e+13  350  446 CRUISE 2 176  16  64   2  424 |  63.00   72   9  8 0 0  0  0 |  9.141e+11  4.823e+14  4.823e+14  5.998e+16     0        - dip
  64  1  1.447e+13 1.447e+13  350  446 CRUISE 2 176  16  64   2  424 |  60.00   71  11  8 0 0  0  0 |  9.043e+11  4.785e+14  4.785e+14  5.952e+16     0        - dip
  65  1  1.436e+13 1.436e+13  350  446 CRUISE 2 176  16  64   2  424 |  57.00   71  14  8 0 0  0  0 |  8.973e+11  4.748e+14  4.748e+14  5.905e+16     0        - dip
  66  1  1.425e+13 1.425e+13  349  446 DEFEND 2 256   0   0  34  424 |  54.00   71  17  8 0 0  0  3 |          0  7.857e+15  7.857e+15  5.121e+16     0        - dip,release
  67  1  2.357e+14 2.357e+14  382  444 DEFEND 2 256   0   0  40  424 |  51.00   71  20  8 0 0  0  2 |          0  8.238e+15  8.238e+15  4.321e+16     0        - dip,release
  68  1  2.471e+14 2.471e+14  383  442 DEFEND 2 256   0   0  44  424 |  48.00   70  22  8 0 0  0  1 |          0  7.674e+15  7.674e+15  3.578e+16     0        - dip,release
  69  1  2.302e+14 2.302e+14  382  440 DEFEND 2 256   0   0  50  424 |  45.00   70  25  8 0 0  0  0 |          0  7.219e+15  7.219e+15  2.879e+16     0        - dip,release
  70  1  2.166e+14 2.166e+14  381  437   REST 2 176  16  64   2  424 |  42.50   70  28  8 0 0  5  0 |  1.354e+13  3.738e+14  3.738e+14  2.862e+16     0        - dip,cooldown
  71  1  1.122e+13 1.122e+13  347  437   REST 2 176  16  64   2  424 |  39.50   70  31  8 0 0  4  0 |  7.010e+11  2.313e+14  2.313e+14  2.840e+16     0        - dip,cooldown
  72  1  6.940e+12 6.940e+12  341  437   REST 2 176  16  64   2  424 |  36.50   69  33  7 0 0  3  0 |  4.337e+11  2.267e+14  2.267e+14  2.818e+16     0        - dip,quiet,cooldown
  73  1  6.800e+12 6.800e+12  341  437   REST 2 176  16  64   2  424 |  33.50   69  36  6 0 0  2  0 |  4.250e+11  2.248e+14  2.248e+14  2.796e+16     0        - dip,quiet,cooldown
  74  1  6.745e+12 6.745e+12  341  437   REST 2 176  16  64   2  424 |  30.50   69  39  5 0 0  1  0 |  4.216e+11  2.231e+14  2.231e+14  2.775e+16     0        - dip,quiet,cooldown
  75  1  6.693e+12 6.693e+12  341  437   REST 2 176  16  64   2  424 |  27.50   69  42  4 0 0  0  0 |  4.183e+11  2.214e+14  2.214e+14  2.753e+16     0        - dip,quiet,cooldown
  76  1  6.641e+12 6.641e+12  341  437 DEFEND 2 256   0   0  64  424 |  24.50   68  44  3 0 0  0  3 |          0  6.890e+15  6.890e+15  2.065e+16     0        - dip,quiet,release
  77  1  2.067e+14 2.067e+14  380  434 DEFEND 2 256   0   0  64  424 |  26.75   68  42  8 0 0  0  2 |          0  5.369e+15  5.369e+15  1.549e+16     0        - release
  78  1  1.611e+14 1.611e+14  378  430 DEFEND 2 256   0   0  64  424 |  28.00   68  40  8 0 0  0  1 |          0  4.033e+15  4.033e+15  1.162e+16     0        - release
  79  1  1.210e+14 1.210e+14  374  427 DEFEND 2 256   0   0  64  424 |  28.00   68  40  8 0 0  0  0 |          0  3.025e+15  3.025e+15  8.711e+15     0        - release
  80  1  9.074e+13 9.074e+13  371  424   REST 2 176  16  64   2  424 |  27.25   67  40  8 0 0  5  0 |  5.671e+12  1.304e+14  1.304e+14  8.666e+15     0        - cooldown
  81  1  3.913e+12 3.913e+12  335  424   REST 2 176  16  64   2  424 |  24.25   67  43  7 0 0  4  0 |  2.446e+11  7.039e+13  7.039e+13  8.599e+15     0        - dip,quiet,cooldown
  82  1  2.112e+12 2.112e+12  328  424   REST 2 176  16  64   2  424 |  21.25   67  46  6 0 0  3  0 |  1.320e+11  6.863e+13  6.863e+13  8.533e+15     0        - dip,quiet,cooldown
  83  1  2.059e+12 2.059e+12  327  424   REST 2 176  16  64   2  424 |  18.25   67  49  5 0 0  2  0 |  1.287e+11  6.808e+13  6.808e+13  8.466e+15     0        - dip,quiet,cooldown
  84  1  2.042e+12 2.042e+12  327  424   REST 2 176  16  64   2  424 |  15.25   66  51  4 0 0  1  0 |  1.276e+11  6.755e+13  6.755e+13  8.401e+15     0        - dip,quiet,cooldown
  85  1  2.026e+12 2.026e+12  327  423   REST 2 176  16  64   2  424 |  12.25   66  54  3 0 0  0  0 |  1.267e+11  6.702e+13  6.702e+13  8.336e+15     0        - dip,quiet,cooldown
  86  1  2.011e+12 2.011e+12  327  423 DEFEND 2 256   0   0  64  424 |   9.25   66  57  2 0 0  0  3 |          0  2.086e+15  2.086e+15  6.252e+15     0        - dip,quiet,release
  87  1  6.258e+13 6.258e+13  367  420 DEFEND 2 256   0   0  64  424 |  12.00   66  54  8 0 0  0  2 |          0  1.626e+15  1.626e+15  4.689e+15     0        - release
  88  1  4.877e+13 4.877e+13  364  417 DEFEND 2 256   0   0  64  424 |  13.50   65  52  8 0 0  0  1 |          0  1.221e+15  1.221e+15  3.517e+15     0        - release
  89  1  3.663e+13 3.663e+13  361  413 DEFEND 2 256   0   0  64  424 |  13.75   65  52  8 0 0  0  0 |          0  9.158e+14  9.158e+14  2.637e+15     0        - release
  90  1  2.747e+13 2.747e+13  357  410   REST 2 176  16  64   2  424 |  13.00   65  52  8 0 0  5  0 |  1.717e+12  3.949e+13  3.949e+13  2.624e+15     0        - cooldown
  91  1  1.185e+12 1.185e+12  321  410   REST 2 176  16  64   2  424 |  10.00   65  55  7 0 0  4  0 |  7.405e+10  2.131e+13  2.131e+13  2.604e+15     0        - dip,quiet,cooldown
  92  1  6.394e+11 6.394e+11  314  410   REST 2 176  16  64   2  424 |   7.50   64  57  6 0 0  3  0 |  3.996e+10  2.078e+13  2.078e+13  2.583e+15     0        - dip,quiet,cooldown
  93  1  6.234e+11 6.234e+11  314  410   REST 2 176  16  64   2  424 |   5.50   64  59  5 0 0  2  0 |  3.896e+10  2.061e+13  2.061e+13  2.563e+15     0        - quiet,cooldown
  94  1  6.183e+11 6.183e+11  313  410   REST 2 176  16  64   2  424 |   4.00   64  60  4 0 0  1  0 |  3.865e+10  2.045e+13  2.045e+13  2.543e+15     0        - quiet,cooldown
  95  1  6.135e+11 6.135e+11  313  410   REST 2 176  16  64   2  424 |   3.00   64  61  3 0 0  0  0 |  3.835e+10  2.029e+13  2.029e+13  2.524e+15     0        - quiet,cooldown
  96  1  6.088e+11 6.088e+11  313  409 DEFEND 2 256   0   0  64  424 |   2.25   63  61  2 0 0  0  3 |          0  6.315e+14  6.315e+14  1.893e+15     0        - quiet,release
  97  1  1.895e+13 1.895e+13  353  406 DEFEND 2 256   0   0  64  424 |   3.25   63  60  8 0 0  0  2 |          0  4.921e+14  4.921e+14  1.420e+15     0        - release
  98  1  1.476e+13 1.476e+13  350  403 DEFEND 2 256   0   0  64  424 |   3.25   63  60  8 0 0  0  1 |          0  3.697e+14  3.697e+14  1.065e+15     0        - release
  99  1  1.109e+13 1.109e+13  347  400 DEFEND 2 256   0   0  64  424 |   2.50   63  61  8 0 0  0  0 |          0  2.773e+14  2.773e+14  7.985e+14     0        - release
 100  1  8.318e+12 8.318e+12  344  396   REST 2 176  16  64   2  424 |   1.75   62  61  7 0 0  5  0 |  5.199e+11  1.196e+13  1.196e+13  7.944e+14     0        - quiet,cooldown
 101  1  3.587e+11 3.587e+11  307  396   REST 2 176  16  64   2  424 |   1.25   62  61  6 0 0  4  0 |  2.242e+10  6.453e+12  6.453e+12  7.882e+14     0        - quiet,cooldown
 102  1  1.936e+11 1.936e+11  300  396   REST 2 176  16  64   2  424 |   0.75   62  62  5 0 0  3  0 |  1.210e+10  6.291e+12  6.291e+12  7.821e+14     0        - quiet,cooldown
 103  1  1.887e+11 1.887e+11  299  396   REST 2 176  16  64   2  424 |   0.50   62  62  4 0 0  2  0 |  1.180e+10  6.240e+12  6.240e+12  7.761e+14     0        - quiet,cooldown
 104  1  1.872e+11 1.872e+11  299  396   REST 2 176  16  64   2  424 |   0.25   61  61  3 0 0  1  0 |  1.170e+10  6.192e+12  6.192e+12  7.701e+14     0        - quiet,cooldown
 105  1  1.858e+11 1.858e+11  299  395   REST 2 176  16  64   2  424 |   0.00   61  61  2 0 0  0  0 |  1.161e+10  6.144e+12  6.144e+12  7.641e+14     0        - quiet,cooldown
 106  1  1.843e+11 1.843e+11  299  395 DEFEND 2 256   0   0  64  424 |   0.00   61  61  1 0 0  0  3 |          0  1.912e+14  1.912e+14  5.731e+14     0        - quiet,release
 107  1  5.736e+12 5.736e+12  339  393 DEFEND 2 256   0   0  64  424 |   0.00   61  61  0 0 0  0  2 |          0  1.490e+14  1.490e+14  4.298e+14     0        - quiet,release
 108  1  4.470e+12 4.470e+12  337  389 DEFEND 2 256   0   0  64  424 |   0.00   60  60  0 0 0  0  1 |          0  1.119e+14  1.119e+14  3.223e+14     0        - quiet,release
 109  1  3.358e+12 3.358e+12  333  386   REST 2 176  16  64   2  424 |   0.00   60  60  0 0 0  5  0 |  2.098e+11  4.827e+12  4.827e+12  3.207e+14     0        - quiet,cooldown
 110  1  1.448e+11 1.448e+11  297  386   REST 2 176  16  64   2  424 |   0.00   60  60  0 0 0  4  0 |  9.050e+09  2.605e+12  2.605e+12  3.182e+14     0        - quiet,cooldown
 111  1  7.814e+10 7.814e+10  290  386   REST 2 176  16  64   2  424 |   0.00   60  60  0 0 0  3  0 |  4.884e+09  2.540e+12  2.540e+12  3.157e+14     0        - quiet,cooldown
 112  1  7.619e+10 7.619e+10  289  385   REST 2 176  16  64   2  424 |   0.00   59  59  0 0 0  2  0 |  4.762e+09  2.519e+12  2.519e+12  3.133e+14     0        - quiet,cooldown
 113  1  7.557e+10 7.557e+10  289  385   REST 2 176  16  64   2  424 |   0.00   59  59  0 0 0  1  0 |  4.723e+09  2.500e+12  2.500e+12  3.109e+14     0        - quiet,cooldown
 114  1  7.499e+10 7.499e+10  289  385   REST 2 176  16  64   2  424 |   0.00   59  59  0 0 0  0  0 |  4.687e+09  2.480e+12  2.480e+12  3.084e+14     0        - quiet,cooldown
 115  1  7.440e+10 7.440e+10  289  385   IDLE 2 176  16  64   2  424 |   0.00   59  59  0 0 0  0  0 |  4.650e+09  2.461e+12  2.461e+12  3.061e+14     0        - quiet
 116  1  7.383e+10 7.383e+10  289  385   IDLE 2 176  16  64   2  424 |   0.00   58  58  0 0 0  0  0 |  4.614e+09  2.442e+12  2.442e+12  3.037e+14     0        - quiet
 117  1  7.325e+10 7.325e+10  289  385   IDLE 2 176  16  64   2  424 |   0.00   58  58  0 0 0  0  0 |  4.578e+09  2.423e+12  2.423e+12  3.013e+14     0        - quiet
 118  1  7.269e+10 7.269e+10  289  385   IDLE 2 176  16  64   2  424 |   0.00   58  58  0 0 0  0  0 |  4.543e+09  2.404e+12  2.404e+12  2.990e+14     0        - quiet
 119  1  7.212e+10 7.212e+10  289  385   IDLE 2 176  16  64   2  424 |   0.00   58  58  0 0 0  0  0 |  4.508e+09  2.385e+12  2.385e+12  2.967e+14     0        - quiet
 120  1  7.156e+10 7.156e+10  289  385   IDLE 2 176  16  64   2  424 |   0.00   57  57  0 0 0  0  0 |  4.473e+09  2.367e+12  2.367e+12  2.944e+14     0        - quiet
 121  1  7.101e+10 7.101e+10  289  385   IDLE 2 176  16  64   2  424 |   0.00   57  57  0 0 0  0  0 |  4.438e+09  2.349e+12  2.349e+12  2.921e+14     0        - quiet
 122  1  7.046e+10 7.046e+10  289  385   IDLE 2 176  16  64   2  424 |   0.00   57  57  0 0 0  0  0 |  4.404e+09  2.330e+12  2.330e+12  2.898e+14     0        - quiet
 123  1  6.991e+10 6.991e+10  289  385   IDLE 2 176  16  64   2  424 |   0.00   57  57  0 0 0  0  0 |  4.370e+09  2.312e+12  2.312e+12  2.876e+14     0        - quiet
 124  1  6.937e+10 6.937e+10  289  385   IDLE 2 176  16  64   2  424 |   0.00   56  56  0 0 0  0  0 |  4.336e+09  2.294e+12  2.294e+12  2.854e+14     0        - quiet
 125  1  6.883e+10 6.883e+10  289  385   IDLE 2 176  16  64   2  424 |   0.00   56  56  0 0 0  0  0 |  4.302e+09  2.277e+12  2.277e+12  2.831e+14     0        - quiet
 126  1  6.830e+10 6.830e+10  288  385   IDLE 2 176  16  64   2  424 |   0.00   56  56  0 0 0  0  0 |  4.269e+09  2.259e+12  2.259e+12  2.809e+14     0        - quiet
 127  1  6.777e+10 6.777e+10  288  384   IDLE 2 176  16  64   2  424 |   0.00   56  56  0 0 0  0  0 |  4.236e+09  2.241e+12  2.241e+12  2.788e+14     0        - quiet
 128  1  6.724e+10 6.724e+10  288  384   IDLE 2 176  16  64   2  424 |   0.00   55  55  0 0 0  0  0 |  4.203e+09  2.224e+12  2.224e+12  2.766e+14     0        - quiet
 129  1  6.672e+10 6.672e+10  288  384   IDLE 2 176  16  64   2  424 |   0.00   55  55  0 0 0  0  0 |  4.170e+09  2.207e+12  2.207e+12  2.745e+14     0        - quiet
 130  1  6.621e+10 6.621e+10  288  384   IDLE 2 176  16  64   2  424 |   0.00   55  55  0 0 0  0  0 |  4.138e+09  2.190e+12  2.190e+12  2.723e+14     0        - quiet
 131  1  6.569e+10 6.569e+10  288  384   IDLE 2 176  16  64   2  424 |   0.00   55  55  0 0 0  0  0 |  4.106e+09  2.173e+12  2.173e+12  2.702e+14     0        - quiet
 132  1  6.518e+10 6.518e+10  288  384   IDLE 2 176  16  64   2  424 |   0.00   54  54  0 0 0  0  0 |  4.074e+09  2.156e+12  2.156e+12  2.681e+14     0        - quiet
 133  1  6.468e+10 6.468e+10  288  384   IDLE 2 176  16  64   2  424 |   0.00   54  54  0 0 0  0  0 |  4.042e+09  2.139e+12  2.139e+12  2.661e+14     0        - quiet
 134  1  6.418e+10 6.418e+10  287  384   IDLE 2 176  16  64   2  424 |   0.00   54  54  0 0 0  0  0 |  4.011e+09  2.123e+12  2.123e+12  2.640e+14     0        - quiet
 135  1  6.368e+10 6.368e+10  287  384   IDLE 2 176  16  64   2  424 |   0.00   54  54  0 0 0  0  0 |  3.980e+09  2.106e+12  2.106e+12  2.619e+14     0        - quiet
 136  1  6.319e+10 6.319e+10  287  383   IDLE 2 176  16  64   2  424 |   0.00   53  53  0 0 0  0  0 |  3.949e+09  2.090e+12  2.090e+12  2.599e+14     0        - quiet
 137  1  6.270e+10 6.270e+10  287  383   IDLE 2 176  16  64   2  424 |   0.00   53  53  0 0 0  0  0 |  3.918e+09  2.074e+12  2.074e+12  2.579e+14     0        - quiet
 138  1  6.221e+10 6.221e+10  287  383   IDLE 2 176  16  64   2  424 |   0.00   53  53  0 0 0  0  0 |  3.888e+09  2.058e+12  2.058e+12  2.559e+14     0        - quiet
 139  1  6.173e+10 6.173e+10  287  383   IDLE 2 176  16  64   2  424 |   0.00   53  53  0 0 0  0  0 |  3.858e+09  2.042e+12  2.042e+12  2.539e+14     0        - quiet
 140  1  6.125e+10 6.125e+10  287  383   IDLE 2 176  16  64   2  424 |   0.00   52  52  0 0 0  0  0 |  3.828e+09  2.026e+12  2.026e+12  2.519e+14     0        - quiet
 141  1  6.077e+10 6.077e+10  287  383   IDLE 2 176  16  64   2  424 |   0.00   52  52  0 0 0  0  0 |  3.798e+09  2.010e+12  2.010e+12  2.500e+14     0        - quiet
 142  1  6.030e+10 6.030e+10  287  383   IDLE 2 176  16  64   2  424 |   0.00   52  52  0 0 0  0  0 |  3.769e+09  1.995e+12  1.995e+12  2.481e+14     0        - quiet
 143  1  5.984e+10 5.984e+10  286  383   IDLE 2 176  16  64   2  424 |   0.00   52  52  0 0 0  0  0 |  3.740e+09  1.979e+12  1.979e+12  2.461e+14     0        - quiet
 144  1  5.937e+10 5.937e+10  286  382   IDLE 2 176  16  64   2  424 |   0.00   51  51  0 0 0  0  0 |  3.711e+09  1.964e+12  1.964e+12  2.442e+14     0        - quiet
 145  1  5.891e+10 5.891e+10  286  382   IDLE 2 176  16  64   2  424 |   0.00   51  51  0 0 0  0  0 |  3.682e+09  1.948e+12  1.948e+12  2.423e+14     0        - quiet
 146  1  5.845e+10 5.845e+10  286  382   IDLE 2 176  16  64   2  424 |   0.00   51  51  0 0 0  0  0 |  3.653e+09  1.933e+12  1.933e+12  2.405e+14     0        - quiet
 147  1  5.800e+10 5.800e+10  286  382   IDLE 2 176  16  64   2  424 |   0.00   51  51  0 0 0  0  0 |  3.625e+09  1.918e+12  1.918e+12  2.386e+14     0        - quiet
 148  1  5.755e+10 5.755e+10  286  382   IDLE 2 176  16  64   2  424 |   0.00   50  50  0 0 0  0  0 |  3.597e+09  1.904e+12  1.904e+12  2.367e+14     0        - quiet
 149  1  5.711e+10 5.711e+10  286  382   IDLE 2 176  16  64   2  424 |   0.00   50  50  0 0 0  0  0 |  3.569e+09  1.889e+12  1.889e+12  2.349e+14     0        - quiet
 150  1  5.666e+10 5.666e+10  286  382   IDLE 2 176  16  64   2  424 |   0.00   50  50  0 0 0  0  0 |  3.541e+09  1.874e+12  1.874e+12  2.331e+14     0        - quiet
 151  1  5.622e+10 5.622e+10  286  382   IDLE 2 176  16  64   2  424 |   0.00   50  50  0 0 0  0  0 |  3.514e+09  1.860e+12  1.860e+12  2.313e+14     0        - quiet
 152  1  5.579e+10 5.579e+10  285  382   IDLE 2 176  16  64   2  424 |   0.00   49  49  0 0 0  0  0 |  3.487e+09  1.845e+12  1.845e+12  2.295e+14     0        - quiet
 153  1  5.536e+10 5.536e+10  285  382   IDLE 2 176  16  64   2  424 |   0.00   49  49  0 0 0  0  0 |  3.460e+09  1.831e+12  1.831e+12  2.277e+14     0        - quiet
 154  1  5.493e+10 5.493e+10  285  381   IDLE 2 176  16  64   2  424 |   0.00   49  49  0 0 0  0  0 |  3.433e+09  1.817e+12  1.817e+12  2.259e+14     0        - quiet
 155  1  5.450e+10 5.450e+10  285  381   IDLE 2 176  16  64   2  424 |   0.00   49  49  0 0 0  0  0 |  3.406e+09  1.803e+12  1.803e+12  2.242e+14     0        - quiet
 156  1  5.408e+10 5.408e+10  285  381   IDLE 2 176  16  64   2  424 |   0.00   48  48  0 0 0  0  0 |  3.380e+09  1.789e+12  1.789e+12  2.224e+14     0        - quiet
 157  1  5.366e+10 5.366e+10  285  381   IDLE 2 176  16  64   2  424 |   0.00   48  48  0 0 0  0  0 |  3.354e+09  1.775e+12  1.775e+12  2.207e+14     0        - quiet
 158  1  5.324e+10 5.324e+10  285  381   IDLE 2 176  16  64   2  424 |   0.00   48  48  0 0 0  0  0 |  3.328e+09  1.761e+12  1.761e+12  2.190e+14     0        - quiet
 159  1  5.283e+10 5.283e+10  285  381   IDLE 2 176  16  64   2  424 |   0.00   48  48  0 0 0  0  0 |  3.302e+09  1.747e+12  1.747e+12  2.173e+14     0        - quiet
 160  1  5.242e+10 5.242e+10  285  381   IDLE 2 176  16  64   2  424 |   0.00   47  47  0 0 0  0  0 |  3.276e+09  1.734e+12  1.734e+12  2.156e+14     0        - quiet
 161  1  5.201e+10 5.201e+10  285  381   IDLE 2 176  16  64   2  424 |   0.00   47  47  0 0 0  0  0 |  3.251e+09  1.720e+12  1.720e+12  2.140e+14     0        - quiet
 162  1  5.161e+10 5.161e+10  285  381   IDLE 2 176  16  64   2  424 |   0.00   47  47  0 0 0  0  0 |  3.226e+09  1.707e+12  1.707e+12  2.123e+14     0        - quiet
 163  1  5.121e+10 5.121e+10  284  381   IDLE 2 176  16  64   2  424 |   0.00   47  47  0 0 0  0  0 |  3.201e+09  1.694e+12  1.694e+12  2.107e+14     0        - quiet
 164  1  5.081e+10 5.081e+10  284  380   IDLE 2 176  16  64   2  424 |   0.00   46  46  0 0 0  0  0 |  3.176e+09  1.681e+12  1.681e+12  2.090e+14     0        - quiet
 165  1  5.042e+10 5.042e+10  284  380   IDLE 2 176  16  64   2  424 |   0.00   46  46  0 0 0  0  0 |  3.151e+09  1.668e+12  1.668e+12  2.074e+14     0        - quiet
 166  1  5.003e+10 5.003e+10  284  380   IDLE 2 176  16  64   2  424 |   0.00   46  46  0 0 0  0  0 |  3.127e+09  1.655e+12  1.655e+12  2.058e+14     0        - quiet
 167  1  4.964e+10 4.964e+10  284  380   IDLE 2 176  16  64   2  424 |   0.00   46  46  0 0 0  0  0 |  3.103e+09  1.642e+12  1.642e+12  2.042e+14     0        - quiet
 168  1  4.926e+10 4.926e+10  284  380   IDLE 2 176  16  64   2  424 |   0.00   45  45  0 0 0  0  0 |  3.079e+09  1.629e+12  1.629e+12  2.026e+14     0        - quiet
 169  1  4.887e+10 4.887e+10  284  380   IDLE 2 176  16  64   2  424 |   0.00   45  45  0 0 0  0  0 |  3.055e+09  1.617e+12  1.617e+12  2.010e+14     0        - quiet
 170  1  4.850e+10 4.850e+10  284  380   IDLE 2 176  16  64   2  424 |   0.00   45  45  0 0 0  0  0 |  3.031e+09  1.604e+12  1.604e+12  1.995e+14     0        - quiet
 171  1  4.812e+10 4.812e+10  284  380   IDLE 2 176  16  64   2  424 |   0.00   45  45  0 0 0  0  0 |  3.007e+09  1.592e+12  1.592e+12  1.979e+14     0        - quiet
 172  1  4.775e+10 4.775e+10  284  380   IDLE 2 176  16  64   2  424 |   0.00   44  44  0 0 0  0  0 |  2.984e+09  1.579e+12  1.579e+12  1.964e+14     0        - quiet
 173  1  4.738e+10 4.738e+10  284  380   IDLE 2 176  16  64   2  424 |   0.00   44  44  0 0 0  0  0 |  2.961e+09  1.567e+12  1.567e+12  1.949e+14     0        - quiet
 174  1  4.701e+10 4.701e+10  283  380   IDLE 2 176  16  64   2  424 |   0.00   44  44  0 0 0  0  0 |  2.938e+09  1.555e+12  1.555e+12  1.934e+14     0        - quiet
 175  1  4.664e+10 4.664e+10  283  379   IDLE 2 176  16  64   2  424 |   0.00   44  44  0 0 0  0  0 |  2.915e+09  1.543e+12  1.543e+12  1.919e+14     0        - quiet
 176  1  4.628e+10 4.628e+10  283  379   IDLE 2 176  16  64   2  424 |   0.00   43  43  0 0 0  0  0 |  2.893e+09  1.531e+12  1.531e+12  1.904e+14     0        - quiet
 177  1  4.592e+10 4.592e+10  283  379   IDLE 2 176  16  64   2  424 |   0.00   43  43  0 0 0  0  0 |  2.870e+09  1.519e+12  1.519e+12  1.889e+14     0        - quiet
 178  1  4.557e+10 4.557e+10  283  379   IDLE 2 176  16  64   2  424 |   0.00   43  43  0 0 0  0  0 |  2.848e+09  1.507e+12  1.507e+12  1.874e+14     0        - quiet
 179  1  4.522e+10 4.522e+10  283  379   IDLE 2 176  16  64   2  424 |   0.00   43  43  0 0 0  0  0 |  2.826e+09  1.495e+12  1.495e+12  1.860e+14     0        - quiet
 180  1  4.486e+10 4.486e+10  283  379   IDLE 2 176  16  64   2  424 |   0.00   42  42  0 0 0  0  0 |  2.804e+09  1.484e+12  1.484e+12  1.845e+14     0        - quiet
 181  1  4.452e+10 4.452e+10  283  379   IDLE 2 176  16  64   2  424 |   0.00   42  42  0 0 0  0  0 |  2.782e+09  1.472e+12  1.472e+12  1.831e+14     0        - quiet
 182  1  4.417e+10 4.417e+10  283  379   IDLE 2 176  16  64   2  424 |   0.00   42  42  0 0 0  0  0 |  2.761e+09  1.461e+12  1.461e+12  1.817e+14     0        - quiet
 183  1  4.383e+10 4.383e+10  283  379   IDLE 2 176  16  64   2  424 |   0.00   42  42  0 0 0  0  0 |  2.739e+09  1.450e+12  1.450e+12  1.803e+14     0        - quiet
 184  1  4.349e+10 4.349e+10  283  379   IDLE 2 176  16  64   2  424 |   0.00   41  41  0 0 0  0  0 |  2.718e+09  1.438e+12  1.438e+12  1.789e+14     0        - quiet
 185  1  4.315e+10 4.315e+10  283  379   IDLE 2 176  16  64   2  424 |   0.00   41  41  0 0 0  0  0 |  2.697e+09  1.427e+12  1.427e+12  1.775e+14     0        - quiet
 186  1  4.282e+10 4.282e+10  282  379   IDLE 2 176  16  64   2  424 |   0.00   41  41  0 0 0  0  0 |  2.676e+09  1.416e+12  1.416e+12  1.761e+14     0        - quiet
 187  1  4.249e+10 4.249e+10  282  379   IDLE 2 176  16  64   2  424 |   0.00   41  41  0 0 0  0  0 |  2.655e+09  1.405e+12  1.405e+12  1.748e+14     0        - quiet
 188  1  4.216e+10 4.216e+10  282  378   IDLE 2 176  16  64   2  424 |   0.00   40  40  0 0 0  0  0 |  2.635e+09  1.394e+12  1.394e+12  1.734e+14     0        - quiet
 189  1  4.183e+10 4.183e+10  282  378   IDLE 2 176  16  64   2  424 |   0.00   40  40  0 0 0  0  0 |  2.614e+09  1.384e+12  1.384e+12  1.721e+14     0        - quiet
 190  1  4.151e+10 4.151e+10  282  378   IDLE 2 176  16  64   2  424 |   0.00   40  40  0 0 0  0  0 |  2.594e+09  1.373e+12  1.373e+12  1.707e+14     0        - quiet
 191  1  4.118e+10 4.118e+10  282  378   IDLE 2 176  16  64   2  424 |   0.00   40  40  0 0 0  0  0 |  2.574e+09  1.362e+12  1.362e+12  1.694e+14     0        - quiet
 192  1  4.086e+10 4.086e+10  282  378   IDLE 2 176  16  64   2  424 |   0.00   39  39  0 0 0  0  0 |  2.554e+09  1.352e+12  1.352e+12  1.681e+14     0        - quiet
 193  1  4.055e+10 4.055e+10  282  378   IDLE 2 176  16  64   2  424 |   0.00   39  39  0 0 0  0  0 |  2.534e+09  1.341e+12  1.341e+12  1.668e+14     0        - quiet
 194  1  4.023e+10 4.023e+10  282  378   IDLE 2 176  16  64   2  424 |   0.00   39  39  0 0 0  0  0 |  2.515e+09  1.331e+12  1.331e+12  1.655e+14     0        - quiet
 195  1  3.992e+10 3.992e+10  282  378   IDLE 2 176  16  64   2  424 |   0.00   39  39  0 0 0  0  0 |  2.495e+09  1.320e+12  1.320e+12  1.642e+14     0        - quiet
 196  1  3.961e+10 3.961e+10  282  378   IDLE 2 176  16  64   2  424 |   0.00   38  38  0 0 0  0  0 |  2.476e+09  1.310e+12  1.310e+12  1.629e+14     0        - quiet
 197  1  3.931e+10 3.931e+10  282  378   IDLE 2 176  16  64   2  424 |   0.00   38  38  0 0 0  0  0 |  2.457e+09  1.300e+12  1.300e+12  1.617e+14     0        - quiet
 198  1  3.900e+10 3.900e+10  282  378   IDLE 2 176  16  64   2  424 |   0.00   38  38  0 0 0  0  0 |  2.438e+09  1.290e+12  1.290e+12  1.604e+14     0        - quiet
 199  1  3.870e+10 3.870e+10  282  378   IDLE 2 176  16  64   2  424 |   0.00   38  38  0 0 0  0  0 |  2.419e+09  1.280e+12  1.280e+12  1.592e+14     0        - quiet
 200  1  3.840e+10 3.840e+10  281  378   IDLE 2 176  16  64   2  424 |   0.00   37  37  0 0 0  0  0 |  2.400e+09  1.270e+12  1.270e+12  1.579e+14     0        - quiet
 201  1  3.810e+10 3.810e+10  281  377   IDLE 2 176  16  64   2  424 |   0.00   37  37  0 0 0  0  0 |  2.381e+09  1.260e+12  1.260e+12  1.567e+14     0        - quiet
 202  1  3.780e+10 3.780e+10  281  377   IDLE 2 176  16  64   2  424 |   0.00   37  37  0 0 0  0  0 |  2.363e+09  1.250e+12  1.250e+12  1.555e+14     0        - quiet
 203  1  3.751e+10 3.751e+10  281  377   IDLE 2 176  16  64   2  424 |   0.00   37  37  0 0 0  0  0 |  2.344e+09  1.241e+12  1.241e+12  1.543e+14     0        - quiet
 204  1  3.722e+10 3.722e+10  281  377   IDLE 2 176  16  64   2  424 |   0.00   36  36  0 0 0  0  0 |  2.326e+09  1.231e+12  1.231e+12  1.531e+14     0        - quiet
 205  1  3.693e+10 3.693e+10  281  377   IDLE 2 176  16  64   2  424 |   0.00   36  36  0 0 0  0  0 |  2.308e+09  1.222e+12  1.222e+12  1.519e+14     0        - quiet
 206  1  3.665e+10 3.665e+10  281  377   IDLE 2 176  16  64   2  424 |   0.00   36  36  0 0 0  0  0 |  2.290e+09  1.212e+12  1.212e+12  1.507e+14     0        - quiet
 207  1  3.636e+10 3.636e+10  281  377   IDLE 2 176  16  64   2  424 |   0.00   36  36  0 0 0  0  0 |  2.273e+09  1.203e+12  1.203e+12  1.496e+14     0        - quiet
 208  1  3.608e+10 3.608e+10  281  377   IDLE 2 176  16  64   2  424 |   0.00   35  35  0 0 0  0  0 |  2.255e+09  1.193e+12  1.193e+12  1.484e+14     0        - quiet
 209  1  3.580e+10 3.580e+10  281  377   IDLE 2 176  16  64   2  424 |   0.00   35  35  0 0 0  0  0 |  2.238e+09  1.184e+12  1.184e+12  1.473e+14     0        - quiet
 210  1  3.552e+10 3.552e+10  281  377   IDLE 2 176  16  64   2  424 |   0.00   35  35  0 0 0  0  0 |  2.220e+09  1.175e+12  1.175e+12  1.461e+14     0        - quiet
 211  1  3.525e+10 3.525e+10  281  377   IDLE 2 176  16  64   2  424 |   0.00   35  35  0 0 0  0  0 |  2.203e+09  1.166e+12  1.166e+12  1.450e+14     0        - quiet
 212  1  3.497e+10 3.497e+10  281  377   IDLE 2 176  16  64   2  424 |   0.00   34  34  0 0 0  0  0 |  2.186e+09  1.157e+12  1.157e+12  1.439e+14     0        - quiet
 213  1  3.470e+10 3.470e+10  281  377   IDLE 2 176  16  64   2  424 |   0.00   34  34  0 0 0  0  0 |  2.169e+09  1.148e+12  1.148e+12  1.428e+14     0        - quiet
 214  1  3.443e+10 3.443e+10  281  377   IDLE 2 176  16  64   2  424 |   0.00   34  34  0 0 0  0  0 |  2.152e+09  1.139e+12  1.139e+12  1.416e+14     0        - quiet
 215  1  3.417e+10 3.417e+10  280  377   IDLE 2 176  16  64   2  424 |   0.00   34  34  0 0 0  0  0 |  2.135e+09  1.130e+12  1.130e+12  1.405e+14     0        - quiet
 216  1  3.390e+10 3.390e+10  280  376   IDLE 2 176  16  64   2  424 |   0.00   33  33  0 0 0  0  0 |  2.119e+09  1.121e+12  1.121e+12  1.395e+14     0        - quiet
 217  1  3.364e+10 3.364e+10  280  376   IDLE 2 176  16  64   2  424 |   0.00   33  33  0 0 0  0  0 |  2.102e+09  1.113e+12  1.113e+12  1.384e+14     0        - quiet
 218  1  3.338e+10 3.338e+10  280  376   IDLE 2 176  16  64   2  424 |   0.00   33  33  0 0 0  0  0 |  2.086e+09  1.104e+12  1.104e+12  1.373e+14     0        - quiet
 219  1  3.312e+10 3.312e+10  280  376   IDLE 2 176  16  64   2  424 |   0.00   33  33  0 0 0  0  0 |  2.070e+09  1.095e+12  1.095e+12  1.362e+14     0        - quiet
 220  1  3.286e+10 3.286e+10  280  376   IDLE 2 176  16  64   2  424 |   0.00   32  32  0 0 0  0  0 |  2.054e+09  1.087e+12  1.087e+12  1.352e+14     0        - quiet
 221  1  3.261e+10 3.261e+10  280  376   IDLE 2 176  16  64   2  424 |   0.00   32  32  0 0 0  0  0 |  2.038e+09  1.079e+12  1.079e+12  1.341e+14     0        - quiet
 222  1  3.236e+10 3.236e+10  280  376   IDLE 2 176  16  64   2  424 |   0.00   32  32  0 0 0  0  0 |  2.022e+09  1.070e+12  1.070e+12  1.331e+14     0        - quiet
 223  1  3.210e+10 3.210e+10  279  376   IDLE 2 176  16  64   2  424 |   0.00   32  32  0 0 0  0  0 |  2.007e+09  1.062e+12  1.062e+12  1.321e+14     0        - quiet
 224  1  3.186e+10 3.186e+10  279  376   IDLE 2 176  16  64   2  424 |   0.00   31  31  0 0 0  0  0 |  1.991e+09  1.054e+12  1.054e+12  1.310e+14     0        - quiet
 225  1  3.161e+10 3.161e+10  279  375   IDLE 2 176  16  64   2  424 |   0.00   31  31  0 0 0  0  0 |  1.976e+09  1.045e+12  1.045e+12  1.300e+14     0        - quiet
 226  1  3.136e+10 3.136e+10  279  375   IDLE 2 176  16  64   2  424 |   0.00   31  31  0 0 0  0  0 |  1.960e+09  1.037e+12  1.037e+12  1.290e+14     0        - quiet
 227  1  3.112e+10 3.112e+10  279  375   IDLE 2 176  16  64   2  424 |   0.00   31  31  0 0 0  0  0 |  1.945e+09  1.029e+12  1.029e+12  1.280e+14     0        - quiet
 228  1  3.088e+10 3.088e+10  279  375   IDLE 2 176  16  64   2  424 |   0.00   30  30  0 0 0  0  0 |  1.930e+09  1.021e+12  1.021e+12  1.270e+14     0        - quiet
 229  1  3.064e+10 3.064e+10  279  375   IDLE 2 176  16  64   2  424 |   0.00   30  30  0 0 0  0  0 |  1.915e+09  1.013e+12  1.013e+12  1.260e+14     0        - quiet
 230  1  3.040e+10 3.040e+10  279  375   IDLE 2 176  16  64   2  424 |   0.00   30  30  0 0 0  0  0 |  1.900e+09  1.006e+12  1.006e+12  1.251e+14     0        - quiet
 231  1  3.017e+10 3.017e+10  279  375   IDLE 2 176  16  64   2  424 |   0.00   30  30  0 0 0  0  0 |  1.885e+09  9.978e+11  9.978e+11  1.241e+14     0        - quiet
 232  1  2.993e+10 2.993e+10  278  375   IDLE 2 176  16  64   2  424 |   0.00   29  29  0 0 0  0  0 |  1.871e+09  9.900e+11  9.900e+11  1.231e+14     0        - quiet
 233  1  2.970e+10 2.970e+10  278  374   IDLE 2 176  16  64   2  424 |   0.00   29  29  0 0 0  0  0 |  1.856e+09  9.824e+11  9.824e+11  1.222e+14     0        - quiet
 234  1  2.947e+10 2.947e+10  278  374   IDLE 2 176  16  64   2  424 |   0.00   29  29  0 0 0  0  0 |  1.842e+09  9.747e+11  9.747e+11  1.212e+14     0        - quiet
 235  1  2.924e+10 2.924e+10  278  374   IDLE 2 176  16  64   2  424 |   0.00   29  29  0 0 0  0  0 |  1.828e+09  9.672e+11  9.672e+11  1.203e+14     0        - quiet
 236  1  2.902e+10 2.902e+10  278  374   IDLE 2 176  16  64   2  424 |   0.00   28  28  0 0 0  0  0 |  1.813e+09  9.597e+11  9.597e+11  1.194e+14     0        - quiet
 237  1  2.879e+10 2.879e+10  278  374   IDLE 2 176  16  64   2  424 |   0.00   28  28  0 0 0  0  0 |  1.799e+09  9.523e+11  9.523e+11  1.184e+14     0        - quiet
 238  1  2.857e+10 2.857e+10  278  374   IDLE 2 176  16  64   2  424 |   0.00   28  28  0 0 0  0  0 |  1.785e+09  9.449e+11  9.449e+11  1.175e+14     0        - quiet
 239  1  2.835e+10 2.835e+10  278  374   IDLE 2 176  16  64   2  424 |   0.00   28  28  0 0 0  0  0 |  1.772e+09  9.375e+11  9.375e+11  1.166e+14     0        - quiet
 240  1  2.813e+10 2.813e+10  278  374   IDLE 2 176  16  64   2  424 |   0.00   27  27  0 0 0  0  0 |  1.758e+09  9.303e+11  9.303e+11  1.157e+14     0        - quiet
 241  1  2.791e+10 2.791e+10  277  374   IDLE 2 176  16  64   2  424 |   0.00   27  27  0 0 0  0  0 |  1.744e+09  9.231e+11  9.231e+11  1.148e+14     0        - quiet
 242  1  2.769e+10 2.769e+10  277  374   IDLE 2 176  16  64   2  424 |   0.00   27  27  0 0 0  0  0 |  1.731e+09  9.159e+11  9.159e+11  1.139e+14     0        - quiet
 243  1  2.748e+10 2.748e+10  277  373   IDLE 2 176  16  64   2  424 |   0.00   27  27  0 0 0  0  0 |  1.717e+09  9.088e+11  9.088e+11  1.130e+14     0        - quiet
 244  1  2.726e+10 2.726e+10  277  373   IDLE 2 176  16  64   2  424 |   0.00   26  26  0 0 0  0  0 |  1.704e+09  9.018e+11  9.018e+11  1.122e+14     0        - quiet
 245  1  2.705e+10 2.705e+10  277  373   IDLE 2 176  16  64   2  424 |   0.00   26  26  0 0 0  0  0 |  1.691e+09  8.948e+11  8.948e+11  1.113e+14     0        - quiet
 246  1  2.684e+10 2.684e+10  277  373   IDLE 2 176  16  64   2  424 |   0.00   26  26  0 0 0  0  0 |  1.678e+09  8.878e+11  8.878e+11  1.104e+14     0        - quiet
 247  1  2.664e+10 2.664e+10  277  373   IDLE 2 176  16  64   2  424 |   0.00   26  26  0 0 0  0  0 |  1.665e+09  8.810e+11  8.810e+11  1.096e+14     0        - quiet
 248  1  2.643e+10 2.643e+10  277  373   IDLE 2 176  16  64   2  424 |   0.00   25  25  0 0 0  0  0 |  1.652e+09  8.741e+11  8.741e+11  1.087e+14     0        - quiet
 249  1  2.622e+10 2.622e+10  277  373   IDLE 2 176  16  64   2  424 |   0.00   25  25  0 0 0  0  0 |  1.639e+09  8.674e+11  8.674e+11  1.079e+14     0        - quiet
 250  1  2.602e+10 2.602e+10  277  373   IDLE 2 176  16  64   2  424 |   0.00   25  25  0 0 0  0  0 |  1.626e+09  8.606e+11  8.606e+11  1.070e+14     0        - quiet
 251  1  2.582e+10 2.582e+10  277  373   IDLE 2 176  16  64   2  424 |   0.00   25  25  0 0 0  0  0 |  1.614e+09  8.540e+11  8.540e+11  1.062e+14     0        - quiet
 252  1  2.562e+10 2.562e+10  276  373   IDLE 2 176  16  64   2  424 |   0.00   24  24  0 0 0  0  0 |  1.601e+09  8.473e+11  8.473e+11  1.054e+14     0        - quiet
 253  1  2.542e+10 2.542e+10  276  372   IDLE 2 176  16  64   2  424 |   0.00   24  24  0 0 0  0  0 |  1.589e+09  8.408e+11  8.408e+11  1.046e+14     0        - quiet
 254  1  2.522e+10 2.522e+10  276  372   IDLE 2 176  16  64   2  424 |   0.00   24  24  0 0 0  0  0 |  1.576e+09  8.342e+11  8.342e+11  1.038e+14     0        - quiet
 255  1  2.503e+10 2.503e+10  276  372   IDLE 2 176  16  64   2  424 |   0.00   24  24  0 0 0  0  0 |  1.564e+09  8.278e+11  8.278e+11  1.029e+14     0        - quiet
 256  1  2.483e+10 2.483e+10  276  372   IDLE 2 176  16  64   2  424 |   0.00   23  23  0 0 0  0  0 |  1.552e+09  8.214e+11  8.214e+11  1.022e+14     0        - quiet
 257  1  2.464e+10 2.464e+10  276  372   IDLE 2 176  16  64   2  424 |   0.00   23  23  0 0 0  0  0 |  1.540e+09  8.150e+11  8.150e+11  1.014e+14     0        - quiet
 258  1  2.445e+10 2.445e+10  276  372   IDLE 2 176  16  64   2  424 |   0.00   23  23  0 0 0  0  0 |  1.528e+09  8.087e+11  8.087e+11  1.006e+14     0        - quiet
 259  1  2.426e+10 2.426e+10  276  372   IDLE 2 176  16  64   2  424 |   0.00   23  23  0 0 0  0  0 |  1.516e+09  8.024e+11  8.024e+11  9.979e+13     0        - quiet
 260  1  2.407e+10 2.407e+10  276  372   IDLE 2 176  16  64   2  424 |   0.00   22  22  0 0 0  0  0 |  1.505e+09  7.962e+11  7.962e+11  9.902e+13     0        - quiet
 261  1  5.000e+15 2.389e+10  417  372 CRUISE 2 176  16  64   2  424 |  71.00   71   0  8 3 0  0  0 |  3.125e+14  3.438e+15  3.438e+15  1.348e+15     0        - warm
 262  1  5.103e+15 1.031e+14  418  402 CRUISE 2 176  16  64   2  424 |  72.00   72   0  8 2 0  0  0 |  3.189e+14  3.519e+15  3.519e+15  2.614e+15     0        - warm
 263  1  5.106e+15 1.056e+14  418  410 CRUISE 2 176  16  64   2  424 |  72.00   72   0  8 1 0  0  0 |  3.191e+14  3.530e+15  3.530e+15  3.869e+15     0        - warm
 264  1  5.106e+15 1.059e+14  418  414 CRUISE 2 176  16  64   2  424 |  72.00   72   0  8 0 0  0  0 |  3.191e+14  3.541e+15  3.541e+15  5.116e+15     0        - warm
 265  1  5.106e+15 1.062e+14  418  418 CRUISE 2 176  16  64   2  424 |  72.00   72   0  8 0 0  0  0 |  3.191e+14  3.550e+15  3.550e+15  6.352e+15     0        - -
 266  1  5.107e+15 1.065e+14  418  420 CRUISE 2 176  16  64   2  424 |  72.00   72   0  8 0 0  0  0 |  3.192e+14  3.560e+15  3.560e+15  7.579e+15     0        - -
 267  1  5.107e+15 1.068e+14  418  422 CRUISE 2 176  16  64   2  424 |  72.00   72   0  8 0 0  0  0 |  3.192e+14  3.570e+15  3.570e+15  8.797e+15     0        - -
 268  1  5.107e+15 1.071e+14  418  424 CRUISE 2 176  16  64   2  424 |  72.00   72   0  8 0 0  0  0 |  3.192e+14  3.580e+15  3.580e+15  1.000e+16     0        - -
 269  1  5.107e+15 1.074e+14  418  425 CRUISE 2 176  16  64   2  424 |  72.00   72   0  8 0 0  0  0 |  3.192e+14  3.589e+15  3.589e+15  1.120e+16     0        - -
 270  1  5.108e+15 1.077e+14  418  426 CRUISE 2 176  16  64   2  424 |  72.00   72   0  8 0 0  0  0 |  3.192e+14  3.599e+15  3.599e+15  1.239e+16     0        - -
 271  1  5.108e+15 1.080e+14  418  428 CRUISE 2 176  16  64   2  424 |  72.00   72   0  8 0 0  0  0 |  3.192e+14  3.609e+15  3.609e+15  1.357e+16     0        - -
 272  1  5.108e+15 1.083e+14  418  429 CRUISE 2 176  16  64   2  424 |  72.00   72   0  8 0 0  0  0 |  3.193e+14  3.618e+15  3.618e+15  1.474e+16     0        - -
 273  1  5.109e+15 1.085e+14  418  430 CRUISE 2 176  16  64   2  424 |  72.00   72   0  8 0 0  0  0 |  3.193e+14  3.627e+15  3.627e+15  1.591e+16     0        - -
 274  1  5.109e+15 1.088e+14  418  431 CRUISE 2 176  16  64   2  424 |  72.00   72   0  8 0 0  0  0 |  3.193e+14  3.637e+15  3.637e+15  1.706e+16     0        - -
 275  1  5.109e+15 1.091e+14  418  432 CRUISE 2 176  16  64   2  424 |  72.00   72   0  8 0 0  0  0 |  3.193e+14  3.646e+15  3.646e+15  1.820e+16     0        - -
 276  1  5.109e+15 1.094e+14  418  433 CRUISE 2 176  16  64   2  424 |  72.00   72   0  8 0 0  0  0 |  3.193e+14  3.655e+15  3.655e+15  1.934e+16     0        - -
 277  1  5.110e+15 1.096e+14  418  433 CRUISE 2 176  16  64   2  424 |  72.00   72   0  8 0 0  0  0 |  3.194e+14  3.664e+15  3.664e+15  2.046e+16     0        - -
 278  1  5.110e+15 1.099e+14  418  434 CRUISE 2 176  16  64   2  424 |  72.00   72   0  8 0 0  0  0 |  3.194e+14  3.673e+15  3.673e+15  2.158e+16     0        - -
 279  1  5.110e+15 1.102e+14  418  434 CRUISE 2 176  16  64   2  424 |  72.00   72   0  8 0 0  0  0 |  3.194e+14  3.682e+15  3.682e+15  2.269e+16     0        - -
 280  1  5.110e+15 1.105e+14  418  435 CRUISE 2 176  16  64   2  424 |  72.00   72   0  8 0 0  0  0 |  3.194e+14  3.691e+15  3.691e+15  2.379e+16     0        - -
 281  1  5.111e+15 1.107e+14  418  435 CRUISE 2 176  16  64   2  424 |  72.00   72   0  8 0 0  0  0 |  3.194e+14  3.699e+15  3.699e+15  2.488e+16     0        - -
 282  1  5.111e+15 1.110e+14  418  436 CRUISE 2 176  16  64   2  424 |  72.00   72   0  8 0 0  0  0 |  3.194e+14  3.708e+15  3.708e+15  2.597e+16     0        - -
 283  1  5.111e+15 1.112e+14  418  436 CRUISE 2 176  16  64   2  424 |  72.00   72   0  8 0 0  0  0 |  3.195e+14  3.717e+15  3.717e+15  2.704e+16     0        - -
 284  1  5.112e+15 1.115e+14  418  437 CRUISE 2 176  16  64   2  424 |  72.00   72   0  8 0 0  0  0 |  3.195e+14  3.725e+15  3.725e+15  2.811e+16     0        - -
 285  1  5.112e+15 1.118e+14  418  437 CRUISE 2 176  16  64   2  424 |  72.00   72   0  8 0 0  0  0 |  3.195e+14  3.734e+15  3.734e+15  2.917e+16     0        - -
 286  1  5.112e+15 1.120e+14  418  437 CRUISE 2 176  16  64   2  424 |  72.00   72   0  8 0 0  0  0 |  3.195e+14  3.742e+15  3.742e+15  3.022e+16     0        - -
 287  1  5.112e+15 1.123e+14  418  438 CRUISE 2 176  16  64   2  424 |  72.00   72   0  8 0 0  0  0 |  3.195e+14  3.751e+15  3.751e+15  3.126e+16     0        - -
 288  1  5.113e+15 1.125e+14  418  438 CRUISE 2 176  16  64   2  424 |  72.00   72   0  8 0 0  0  0 |  3.195e+14  3.759e+15  3.759e+15  3.229e+16     0        - -
 289  1  5.113e+15 1.128e+14  418  439 CRUISE 2 176  16  64   2  424 |  72.00   72   0  8 0 0  0  0 |  3.195e+14  3.767e+15  3.767e+15  3.332e+16     0        - -
 290  1  5.113e+15 1.130e+14  418  439 CRUISE 2 176  16  64   2  424 |  72.00   72   0  8 0 0  0  0 |  3.196e+14  3.776e+15  3.776e+15  3.434e+16     0        - -
 291  1  5.113e+15 1.133e+14  418  440 CRUISE 2 176  16  64   2  424 |  72.00   72   0  8 0 0  0  0 |  3.196e+14  3.784e+15  3.784e+15  3.535e+16     0        - -
 292  1  5.114e+15 1.135e+14  418  440 CRUISE 2 176  16  64   2  424 |  72.00   72   0  8 0 0  0  0 |  3.196e+14  3.792e+15  3.792e+15  3.635e+16     0        - -
 293  1  5.114e+15 1.138e+14  418  441 CRUISE 2 176  16  64   2  424 |  72.00   72   0  8 0 0  0  0 |  3.196e+14  3.800e+15  3.800e+15  3.734e+16     0        - -
 294  1  5.114e+15 1.140e+14  418  441 CRUISE 2 176  16  64   2  424 |  72.00   72   0  8 0 0  0  0 |  3.196e+14  3.808e+15  3.808e+15  3.833e+16     0        - -
 295  1  5.114e+15 1.142e+14  418  441 CRUISE 2 176  16  64   2  424 |  72.00   72   0  8 0 0  0  0 |  3.196e+14  3.815e+15  3.815e+15  3.931e+16     0        - -
 296  1  5.114e+15 1.145e+14  418  441 CRUISE 2 176  16  64   2  424 |  72.00   72   0  8 0 0  0  0 |  3.197e+14  3.823e+15  3.823e+15  4.028e+16     0        - -
 297  1  5.115e+15 1.147e+14  418  441 CRUISE 2 176  16  64   2  424 |  72.00   72   0  8 0 0  0  0 |  3.197e+14  3.831e+15  3.831e+15  4.124e+16     0        - -
 298  1  5.115e+15 1.149e+14  418  442 CRUISE 2 176  16  64   2  424 |  72.00   72   0  8 0 0  0  0 |  3.197e+14  3.839e+15  3.839e+15  4.220e+16     0        - -
 299  1  5.115e+15 1.152e+14  418  442 CRUISE 2 176  16  64   2  424 |  72.00   72   0  8 0 0  0  0 |  3.197e+14  3.846e+15  3.846e+15  4.315e+16     0        - -
 300  1  5.115e+15 1.154e+14  418  442 CRUISE 2 176  16  64   2  424 |  72.00   72   0  8 0 0  0  0 |  3.197e+14  3.854e+15  3.854e+15  4.409e+16     0        - -
 301  1  5.116e+15 1.156e+14  418  442 CRUISE 2 176  16  64   2  424 |  72.00   72   0  8 0 0  0  0 |  3.197e+14  3.861e+15  3.861e+15  4.503e+16     0        - -
 302  1  5.116e+15 1.158e+14  418  442 CRUISE 2 176  16  64   2  424 |  72.00   72   0  8 0 0  0  0 |  3.197e+14  3.869e+15  3.869e+15  4.595e+16     0        - -
 303  1  5.116e+15 1.161e+14  418  443 CRUISE 2 176  16  64   2  424 |  72.00   72   0  8 0 0  0  0 |  3.198e+14  3.876e+15  3.876e+15  4.687e+16     0        - -
 304  1  5.116e+15 1.163e+14  418  443 CRUISE 2 176  16  64   2  424 |  72.00   72   0  8 0 0  0  0 |  3.198e+14  3.884e+15  3.884e+15  4.779e+16     0        - -
 305  1  5.117e+15 1.165e+14  418  443 CRUISE 2 176  16  64   2  424 |  72.00   72   0  8 0 0  0  0 |  3.198e+14  3.891e+15  3.891e+15  4.869e+16     0        - -
 306  1  5.117e+15 1.167e+14  418  443 CRUISE 2 176  16  64   2  424 |  72.00   72   0  8 0 0  0  0 |  3.198e+14  3.898e+15  3.898e+15  4.959e+16     0        - -
 307  1  5.117e+15 1.169e+14  418  444 CRUISE 2 176  16  64   2  424 |  72.00   72   0  8 0 0  0  0 |  3.198e+14  3.905e+15  3.905e+15  5.048e+16     0        - -
 308  1  5.117e+15 1.172e+14  418  444 CRUISE 2 176  16  64   2  424 |  72.00   72   0  8 0 0  0  0 |  3.198e+14  3.912e+15  3.912e+15  5.137e+16     0        - -
 309  1  5.117e+15 1.174e+14  418  444 CRUISE 2 176  16  64   2  424 |  72.00   72   0  8 0 0  0  0 |  3.198e+14  3.920e+15  3.920e+15  5.225e+16     0        - -
 310  1  5.118e+15 1.176e+14  418  444 CRUISE 2 176  16  64   2  424 |  72.00   72   0  8 0 0  0  0 |  3.198e+14  3.927e+15  3.927e+15  5.312e+16     0        - -
 311  1  5.118e+15 1.178e+14  418  444 CRUISE 2 176  16  64   2  424 |  72.00   72   0  8 0 0  0  0 |  3.199e+14  3.933e+15  3.933e+15  5.398e+16     0        - -
 312  1  5.118e+15 1.180e+14  418  444 CRUISE 2 176  16  64   2  424 |  72.00   72   0  8 0 0  0  0 |  3.199e+14  3.940e+15  3.940e+15  5.484e+16     0        - -
 313  1  5.118e+15 1.182e+14  418  445 CRUISE 2 176  16  64   2  424 |  72.00   72   0  8 0 0  0  0 |  3.199e+14  3.947e+15  3.947e+15  5.569e+16     0        - -
 314  1  5.118e+15 1.184e+14  418  445 CRUISE 2 176  16  64   2  424 |  72.00   72   0  8 0 0  0  0 |  3.199e+14  3.954e+15  3.954e+15  5.653e+16     0        - -
 315  1  5.119e+15 1.186e+14  418  445 CRUISE 2 176  16  64   2  424 |  72.00   72   0  8 0 0  0  0 |  3.199e+14  3.961e+15  3.961e+15  5.737e+16     0        - -
 316  1  5.119e+15 1.188e+14  418  445 CRUISE 2 176  16  64   2  424 |  72.00   72   0  8 0 0  0  0 |  3.199e+14  3.967e+15  3.967e+15  5.820e+16     0        - -
 317  1  5.119e+15 1.190e+14  418  445 CRUISE 2 176  16  64   2  424 |  72.00   72   0  8 0 0  0  0 |  3.199e+14  3.974e+15  3.974e+15  5.903e+16     0        - -
 318  1  5.119e+15 1.192e+14  418  446 CRUISE 2 176  16  64   2  424 |  72.00   72   0  8 0 0  0  0 |  3.200e+14  3.981e+15  3.981e+15  5.985e+16     0        - -
 319  1  5.119e+15 1.194e+14  418  446 CRUISE 2 176  16  64   2  424 |  72.00   72   0  8 0 0  0  0 |  3.200e+14  3.987e+15  3.987e+15  6.066e+16     0        - -
 320  1  5.120e+15 1.196e+14  418  446 CRUISE 2 176  16  64   2  424 |  72.00   72   0  8 0 0  0  0 |  3.200e+14  3.994e+15  3.994e+15  6.147e+16     0        - -

silence-return         ep  320 settles  320  in 6.000e+17  allow   7.5%  bought  82.3%  left  10.3%  maxRes  32.8 ep  tier 2  clamp 0  {'IDLE': 146, 'CRUISE': 125, 'DEFEND': 19, 'REST': 30}  [echo 2.5%]
