2 OKB of tax per epoch (about 67 OKB of volume per epoch): far more than the reference curve can absorb. Shows the kernel's buy cap and the end of the curve.

  ep dt     inflow      echo  TAX  RES   mode T buy alw res REL CEIL |      A   PK  dd LV W S CD TR |      allow    decided     bought    reserve clamp   kernel flags
----------------------------------------------------------------------------------------------------------------------------------------------------------------------
   1  1  2.000e+18         0  486    0 CRUISE 3 184   8  64   2  416 | 140.00  140   0  8 3 0  0  0 |  4.222e+15  1.438e+18  4.870e+17  1.509e+18     0   shrunk tierup,warm
   2  1  2.015e+18 1.461e+16  486  483 CRUISE 3 184   8  64   2  416 | 140.00  140   0  8 2 0  0  0 |  4.222e+15  1.460e+18  4.950e+17  3.024e+18     0   shrunk warm
   3  1  2.015e+18 1.485e+16  486  491 CRUISE 3 184   8  64   2  416 | 140.00  140   0  8 1 0  0  0 |  4.222e+15  1.472e+18  5.032e+17  4.532e+18     0   shrunk warm
   4  1  2.015e+18 1.510e+16  486  496 CRUISE 3 184   8  64   2  416 | 140.00  140   0  8 0 0  0  0 |  4.222e+15  1.484e+18  5.115e+17  6.031e+18     0   shrunk warm
   5  1  2.015e+18 1.534e+16  486  499 CRUISE 3 184   8  64   2  416 | 140.00  140   0  8 0 0  0  0 |  4.222e+15  1.496e+18  5.199e+17  7.522e+18     0   shrunk -
   6  1  2.016e+18 1.560e+16  486  502 CRUISE 3 184   8  64   2  416 | 140.00  140   0  8 0 0  0  0 |  4.222e+15  1.507e+18  5.285e+17  9.005e+18     0   shrunk -
   7  1  2.016e+18 1.586e+16  486  504 CRUISE 3 184   8  64   2  416 | 140.00  140   0  8 0 0  0  0 |  4.222e+15  1.519e+18  5.372e+17  1.048e+19     0   shrunk -
   8  1  2.016e+18 1.612e+16  486  506 CRUISE 3 184   8  64   2  416 | 140.00  140   0  8 0 0  0  0 |  4.222e+15  1.531e+18  5.461e+17  1.195e+19     0   shrunk -
   9  1  2.016e+18 1.638e+16  486  507 CRUISE 3 184   8  64   2  416 | 140.00  140   0  8 0 0  0  0 |  4.222e+15  1.543e+18  5.551e+17  1.340e+19     0   shrunk -
  10  1  2.017e+18 1.665e+16  486  508 CRUISE 3 184   8  64   2  416 | 140.00  140   0  8 0 0  0  0 |  4.222e+15  1.554e+18  5.643e+17  1.485e+19     0   shrunk -
  11  1  2.017e+18 1.693e+16  486  509 CRUISE 3 184   8  64   2  416 | 140.00  140   0  8 0 0  0  0 |  4.222e+15  1.566e+18  5.736e+17  1.629e+19     0   shrunk -
  12  1  2.017e+18 1.721e+16  486  511 CRUISE 3 184   8  64   2  416 | 140.00  140   0  8 0 0  0  0 |  4.222e+15  1.577e+18  5.830e+17  1.772e+19     0   shrunk -
  13  1  2.017e+18 1.749e+16  486  512 CRUISE 3 184   8  64   2  416 | 140.00  140   0  8 0 0  0  0 |  4.222e+15  1.589e+18  5.927e+17  1.914e+19     0   shrunk -
  14  1  2.018e+18 1.778e+16  487  513 CRUISE 3 184   8  64   2  416 | 140.25  140   0  8 0 0  0  0 |  4.222e+15  1.600e+18  6.024e+17  2.055e+19     0   shrunk -
  15  1  2.018e+18 1.807e+16  487  513 CRUISE 3 184   8  64   2  416 | 140.25  140   0  8 0 0  0  0 |  4.222e+15  1.611e+18  6.124e+17  2.195e+19     0   shrunk -
  16  1  2.018e+18 1.837e+16  487  514 CRUISE 3 184   8  64   2  416 | 140.25  140   0  8 0 0  0  0 |  4.222e+15  1.622e+18  6.225e+17  2.334e+19     0   shrunk -
  17  1  2.019e+18 1.867e+16  487  515 CRUISE 3 184   8  64   2  416 | 140.25  140   0  8 0 0  0  0 |  4.222e+15  1.633e+18  6.327e+17  2.473e+19     0   shrunk -
  18  1  2.019e+18 1.898e+16  487  515 CRUISE 3 184   8  64   2  416 | 140.25  140   0  8 0 0  0  0 |  4.222e+15  1.644e+18  6.432e+17  2.610e+19     0   shrunk -
  19  1  2.019e+18 1.930e+16  487  516 CRUISE 3 184   8  64   2  416 | 140.25  140   0  8 0 0  0  0 |  4.222e+15  1.655e+18  6.538e+17  2.746e+19     0   shrunk -
  20  1  2.020e+18 1.961e+16  487  516 CRUISE 3 184   8  64   2  416 | 140.25  140   0  8 0 0  0  0 |  4.222e+15  1.666e+18  6.646e+17  2.881e+19     0   shrunk -
  21  1  2.020e+18 1.994e+16  487  517 CRUISE 3 184   8  64   2  416 | 140.25  140   0  8 0 0  0  0 |  4.222e+15  1.677e+18  6.756e+17  3.015e+19     0   shrunk -
  22  1  2.020e+18 2.027e+16  487  518 CRUISE 3 184   8  64   2  416 | 140.25  140   0  8 0 0  0  0 |  4.222e+15  1.688e+18  6.867e+17  3.148e+19     0   shrunk -
  23  1  2.021e+18 2.060e+16  487  518 CRUISE 3 184   8  64   2  416 | 140.25  140   0  8 0 0  0  0 |  4.222e+15  1.698e+18  6.980e+17  3.280e+19     0   shrunk -
  24  1  2.021e+18 2.094e+16  487  519 CRUISE 3 184   8  64   2  416 | 140.25  140   0  8 0 0  0  0 |  4.222e+15  1.709e+18  7.095e+17  3.410e+19     0   shrunk -
  25  1  2.021e+18 2.129e+16  487  519 CRUISE 3 184   8  64   2  416 | 140.25  140   0  8 0 0  0  0 |  4.222e+15  1.719e+18  7.213e+17  3.540e+19     0   shrunk -
  26  1  2.022e+18 2.164e+16  487  520 CRUISE 3 184   8  64   2  416 | 140.25  140   0  8 0 0  0  0 |  4.222e+15  1.730e+18  7.332e+17  3.668e+19     0   shrunk -
  27  1  2.022e+18 2.199e+16  487  520 CRUISE 3 184   8  64   2  416 | 140.25  140   0  8 0 0  0  0 |  4.222e+15  1.740e+18  7.453e+17  3.796e+19     0   shrunk -
  28  1  2.022e+18 2.236e+16  487  521 CRUISE 3 184   8  64   2  416 | 140.25  140   0  8 0 0  0  0 |  4.222e+15  1.750e+18  7.575e+17  3.922e+19     0   shrunk -
  29  1  2.023e+18 2.273e+16  487  521 CRUISE 3 184   8  64   2  416 | 140.25  140   0  8 0 0  0  0 |  4.222e+15  1.760e+18  7.700e+17  4.047e+19     0   shrunk -
  30  1  2.023e+18 2.310e+16  487  521 CRUISE 3 184   8  64   2  416 | 140.25  140   0  8 0 0  0  0 |  4.222e+15  1.770e+18  7.828e+17  4.170e+19     0   shrunk -
  31  1  2.023e+18 2.348e+16  487  522 CRUISE 3 184   8  64   2  416 | 140.25  140   0  8 0 0  0  0 |  4.222e+15  1.780e+18  7.957e+17  4.293e+19     0   shrunk -
  32  1  2.024e+18 2.387e+16  487  522 CRUISE 3 184   8  64   2  416 | 140.25  140   0  8 0 0  0  0 |  4.222e+15  1.790e+18  8.088e+17  4.414e+19     0   shrunk -
  33  1  2.024e+18 2.426e+16  487  522 CRUISE 3 184   8  64   2  416 | 140.25  140   0  8 0 0  0  0 |  4.222e+15  1.800e+18  8.221e+17  4.534e+19     0   shrunk -
  34  1  2.025e+18 2.466e+16  487  522 CRUISE 3 184   8  64   2  416 | 140.25  140   0  8 0 0  0  0 |  4.222e+15  1.809e+18  8.357e+17  4.652e+19     0   shrunk -
  35  1  2.025e+18 2.507e+16  487  523 CRUISE 3 184   8  64   2  416 | 140.25  140   0  8 0 0  0  0 |  4.222e+15  1.819e+18  8.495e+17  4.769e+19     0   shrunk -
  36  1  2.025e+18 2.548e+16  487  523 CRUISE 3 184   8  64   2  416 | 140.25  140   0  8 0 0  0  0 |  4.222e+15  1.828e+18  8.635e+17  4.885e+19     0   shrunk -
  37  1  2.026e+18 2.591e+16  487  523 CRUISE 3 184   8  64   2  416 | 140.25  140   0  8 0 0  0  0 |  4.222e+15  1.838e+18  8.778e+17  4.999e+19     0   shrunk -
  38  1  2.026e+18 2.633e+16  487  523 CRUISE 3 184   8  64   2  416 | 140.25  140   0  8 0 0  0  0 |  4.222e+15  1.847e+18  8.922e+17  5.112e+19     0   shrunk -
  39  1  2.027e+18 2.677e+16  487  524 CRUISE 3 184   8  64   2  416 | 140.25  140   0  8 0 0  0  0 |  4.222e+15  1.856e+18  9.070e+17  5.224e+19     0   shrunk -
  40  1  2.027e+18 2.721e+16  487  524 CRUISE 3 184   8  64   2  416 | 140.25  140   0  8 0 0  0  0 |  4.222e+15  1.865e+18  9.219e+17  5.334e+19     0   shrunk -
  41  1  2.028e+18 2.766e+16  487  524 CRUISE 3 184   8  64   2  416 | 140.25  140   0  8 0 0  0  0 |  4.222e+15  1.874e+18  9.371e+17  5.443e+19     0   shrunk -
  42  1  2.028e+18 2.811e+16  487  524 CRUISE 3 184   8  64   2  416 | 140.25  140   0  8 0 0  0  0 |  4.222e+15  1.883e+18  9.526e+17  5.550e+19     0   shrunk -
  43  1  2.029e+18 2.858e+16  487  525 CRUISE 3 184   8  64   2  416 | 140.25  140   0  8 0 0  0  0 |  4.222e+15  1.892e+18  9.683e+17  5.655e+19     0   shrunk -
  44  1  2.029e+18 2.905e+16  487  525 CRUISE 3 184   8  64   2  416 | 140.25  140   0  8 0 0  0  0 |  4.222e+15  1.900e+18  9.843e+17  5.759e+19     0   shrunk -
  45  1  2.030e+18 2.953e+16  487  525 CRUISE 3 184   8  64   2  416 | 140.25  140   0  8 0 0  0  0 |  4.222e+15  1.909e+18  1.001e+18  5.862e+19     0   shrunk -
  46  1  2.030e+18 3.002e+16  487  525 CRUISE 3 184   8  64   2  416 | 140.25  140   0  8 0 0  0  0 |  4.222e+15  1.917e+18  1.017e+18  5.963e+19     0   shrunk -
  47  1  2.031e+18 3.051e+16  487  525 CRUISE 3 184   8  64   2  416 | 140.25  140   0  8 0 0  0  0 |  4.222e+15  1.925e+18  1.034e+18  6.062e+19     0   shrunk -
  48  1  2.031e+18 3.101e+16  487  526 CRUISE 3 184   8  64   2  416 | 140.25  140   0  8 0 0  0  0 |  4.222e+15  1.933e+18  1.051e+18  6.160e+19     0   shrunk -
  49  1  2.032e+18 3.153e+16  487  526 CRUISE 3 184   8  64   2  416 | 140.25  140   0  8 0 0  0  0 |  4.222e+15  1.941e+18  1.068e+18  6.255e+19     0   shrunk -
  50  1  2.032e+18 3.205e+16  487  526 CRUISE 3 184   8  64   2  416 | 140.25  140   0  8 0 0  0  0 |  4.222e+15  1.949e+18  1.086e+18  6.350e+19     0   shrunk -
  51  1  2.033e+18 3.258e+16  487  526 CRUISE 3 184   8  64   2  416 | 140.25  140   0  8 0 0  0  0 |  4.222e+15  1.957e+18  1.104e+18  6.442e+19     0   shrunk -
  52  1  2.033e+18 3.311e+16  487  526 CRUISE 3 184   8  64   2  416 | 140.25  140   0  8 0 0  0  0 |  4.222e+15  1.965e+18  1.122e+18  6.533e+19     0   shrunk -
  53  1  2.034e+18 3.366e+16  487  527 CRUISE 3 184   8  64   2  416 | 140.25  140   0  8 0 0  0  0 |  4.222e+15  1.972e+18  1.140e+18  6.622e+19     0   shrunk -
  54  1  2.034e+18 3.421e+16  487  527 CRUISE 3 184   8  64   2  416 | 140.25  140   0  8 0 0  0  0 |  4.222e+15  1.979e+18  1.159e+18  6.709e+19     0   shrunk -
  55  1  2.035e+18 3.478e+16  487  527 CRUISE 3 184   8  64   2  416 | 140.25  140   0  8 0 0  0  0 |  4.222e+15  1.987e+18  1.178e+18  6.794e+19     0   shrunk -
  56  1  2.035e+18 3.535e+16  487  527 CRUISE 3 184   8  64   2  416 | 140.25  140   0  8 0 0  0  0 |  4.222e+15  1.994e+18  1.198e+18  6.877e+19     0   shrunk -
  57  1  2.036e+18 3.594e+16  487  527 CRUISE 3 184   8  64   2  416 | 140.25  140   0  8 0 0  0  0 |  4.222e+15  2.001e+18  1.218e+18  6.959e+19     0   shrunk -
  58  1  2.037e+18 3.653e+16  487  528 CRUISE 3 184   8  64   2  416 | 140.25  140   0  8 0 0  0  0 |  4.222e+15  2.007e+18  1.238e+18  7.038e+19     0   shrunk -
  59  1  2.037e+18 3.713e+16  487  528 CRUISE 3 184   8  64   2  416 | 140.25  140   0  8 0 0  0  0 |  4.222e+15  2.014e+18  1.258e+18  7.116e+19     0   shrunk -
  60  1  2.038e+18 3.775e+16  487  528 CRUISE 3 184   8  64   2  416 | 140.25  140   0  8 0 0  0  0 |  4.222e+15  2.021e+18  1.279e+18  7.191e+19     0   shrunk -
  61  1  2.038e+18 3.837e+16  487  528 CRUISE 3 184   8  64   2  416 | 140.25  140   0  8 0 0  0  0 |  4.222e+15  2.027e+18  1.300e+18  7.264e+19     0   shrunk -
  62  1  2.039e+18 3.900e+16  487  528 CRUISE 3 184   8  64   2  416 | 140.25  140   0  8 0 0  0  0 |  4.222e+15  2.033e+18  1.321e+18  7.336e+19     0   shrunk -
  63  1  2.040e+18 3.964e+16  487  528 CRUISE 3 184   8  64   2  416 | 140.25  140   0  8 0 0  0  0 |  4.222e+15  2.039e+18  1.343e+18  7.405e+19     0   shrunk -
  64  1  2.040e+18 4.030e+16  487  529 CRUISE 3 184   8  64   2  416 | 140.25  140   0  8 0 0  0  0 |  4.222e+15  2.045e+18  1.365e+18  7.472e+19     0   shrunk -
  65  1  2.041e+18 4.096e+16  487  529 CRUISE 3 184   8  64   2  416 | 140.25  140   0  8 0 0  0  0 |  4.222e+15  2.051e+18  1.388e+18  7.537e+19     0   shrunk -
  66  1  2.042e+18 4.164e+16  487  529 CRUISE 3 184   8  64   2  416 | 140.25  140   0  8 0 0  0  0 |  4.222e+15  2.056e+18  1.411e+18  7.600e+19     0   shrunk -
  67  1  2.042e+18 4.233e+16  487  529 CRUISE 3 184   8  64   2  416 | 140.25  140   0  8 0 0  0  0 |  4.222e+15  2.062e+18  1.434e+18  7.660e+19     0   shrunk -
  68  1  2.043e+18 4.302e+16  487  529 CRUISE 3 184   8  64   2  416 | 140.25  140   0  8 0 0  0  0 |  4.222e+15  2.067e+18  1.458e+18  7.718e+19     0   shrunk -
  69  1  2.044e+18 4.373e+16  487  529 CRUISE 3 184   8  64   2  416 | 140.25  140   0  8 0 0  0  0 |  4.222e+15  2.072e+18  1.482e+18  7.774e+19     0   shrunk -
  70  1  2.044e+18 4.446e+16  487  529 CRUISE 3 184   8  64   2  416 | 140.25  140   0  8 0 0  0  0 |  4.222e+15  2.077e+18  1.506e+18  7.827e+19     0   shrunk -
  71  1  2.045e+18 4.519e+16  487  529 CRUISE 3 184   8  64   2  416 | 140.25  140   0  8 0 0  0  0 |  4.222e+15  2.081e+18  1.531e+18  7.878e+19     0   shrunk -
  72  1  2.046e+18 4.594e+16  487  529 CRUISE 3 184   8  64   2  416 | 140.25  140   0  8 0 0  0  0 |  4.222e+15  2.086e+18  1.556e+18  7.927e+19     0   shrunk -
  73  1  2.047e+18 4.669e+16  487  529 CRUISE 3 184   8  64   2  416 | 140.25  140   0  8 0 0  0  0 |  4.222e+15  2.090e+18  1.582e+18  7.973e+19     0   shrunk -
  74  1  2.047e+18 4.746e+16  487  529 CRUISE 3 184   8  64   2  416 | 140.25  140   0  8 0 0  0  0 |  4.222e+15  2.094e+18  1.608e+18  8.016e+19     0   shrunk -
  75  1  2.048e+18 4.825e+16  487  529 CRUISE 3 184   8  64   2  416 | 140.25  140   0  8 0 0  0  0 |  4.222e+15  2.098e+18  1.635e+18  8.057e+19     0   shrunk -
  76  1  2.049e+18 4.904e+16  487  529 CRUISE 3 184   8  64   2  416 | 140.25  140   0  8 0 0  0  0 |  4.222e+15  2.102e+18  1.662e+18  8.096e+19     0   shrunk -
  77  1  2.050e+18 4.985e+16  487  529 CRUISE 3 184   8  64   2  416 | 140.25  140   0  8 0 0  0  0 |  4.222e+15  2.106e+18  1.689e+18  8.131e+19     0   shrunk -
  78  1  2.051e+18 5.067e+16  487  529 CRUISE 3 184   8  64   2  416 | 140.25  140   0  8 0 0  0  0 |  4.222e+15  2.109e+18  1.717e+18  8.164e+19     0   shrunk -
  79  1  2.052e+18 5.151e+16  487  529 CRUISE 3 184   8  64   2  416 | 140.25  140   0  8 0 0  0  0 |  4.222e+15  2.112e+18  1.745e+18  8.194e+19     0   shrunk -
  80  1  2.052e+18 5.236e+16  487  529 CRUISE 3 184   8  64   2  416 | 140.25  140   0  8 0 0  0  0 |  4.222e+15  2.115e+18  1.774e+18  8.222e+19     0   shrunk -
  81  1  2.053e+18 5.322e+16  487  529 CRUISE 3 184   8  64   2  416 | 140.25  140   0  8 0 0  0  0 |  4.222e+15  2.118e+18  1.803e+18  8.246e+19     0   shrunk -
  82  1  2.054e+18 5.410e+16  487  529 CRUISE 3 184   8  64   2  416 | 140.25  140   0  8 0 0  0  0 |  4.222e+15  2.121e+18  1.833e+18  8.268e+19     0   shrunk -
  83  1  2.055e+18 5.500e+16  487  529 CRUISE 3 184   8  64   2  416 | 140.25  140   0  8 0 0  0  0 |  4.222e+15  2.123e+18  1.863e+18  8.287e+19     0   shrunk -
  84  1  2.056e+18 5.590e+16  487  529 CRUISE 3 184   8  64   2  416 | 140.25  140   0  8 0 0  0  0 |  4.222e+15  2.125e+18  1.894e+18  8.302e+19     0   shrunk -
  85  1  2.057e+18 5.683e+16  487  530 CRUISE 3 184   8  64   2  416 | 140.25  140   0  8 0 0  0  0 |  4.222e+15  2.127e+18  1.362e+18  8.371e+19     0   shrunk -
  86  1  2.041e+18 4.086e+16  487  530 CRUISE 3 184   8  64   2  416 | 140.25  140   0  8 0 0  0  0 |  4.222e+15  2.121e+18          0  8.575e+19     0 skipped,shrunk -
  87  1  2.000e+18         0  486  530 CRUISE 3 184   8  64   2  416 | 140.00  140   0  8 0 0  0  0 |  4.222e+15  2.107e+18          0  8.775e+19     0 skipped,shrunk -
  88  1  2.000e+18         0  486  530 CRUISE 3 184   8  64   2  416 | 140.00  140   0  8 0 0  0  0 |  4.222e+15  2.123e+18          0  8.974e+19     0 skipped,shrunk -
  89  1  2.000e+18         0  486  530 CRUISE 3 184   8  64   2  416 | 140.00  140   0  8 0 0  0  0 |  4.222e+15  2.139e+18          0  9.174e+19     0 skipped,shrunk -
  90  1  2.000e+18         0  486  530 CRUISE 3 184   8  64   2  416 | 140.00  140   0  8 0 0  0  0 |  4.222e+15  2.154e+18          0  9.373e+19     0 skipped,shrunk -
  91  1  2.000e+18         0  486  531 CRUISE 3 184   8  64   2  416 | 140.00  140   0  8 0 0  0  0 |  4.222e+15  2.170e+18          0  9.573e+19     0 skipped,shrunk -
  92  1  2.000e+18         0  486  531 CRUISE 3 184   8  64   2  416 | 140.00  140   0  8 0 0  0  0 |  4.222e+15  2.185e+18          0  9.773e+19     0 skipped,shrunk -
  93  1  2.000e+18         0  486  531 CRUISE 3 184   8  64   2  416 | 140.00  140   0  8 0 0  0  0 |  4.222e+15  2.201e+18          0  9.972e+19     0 skipped,shrunk -
  94  1  2.000e+18         0  486  531 CRUISE 3 184   8  64   2  416 | 140.00  140   0  8 0 0  0  0 |  4.222e+15  2.217e+18          0  1.017e+20     0 skipped,shrunk -
  95  1  2.000e+18         0  486  532 CRUISE 3 184   8  64   2  416 | 140.00  140   0  8 0 0  0  0 |  4.222e+15  2.232e+18          0  1.037e+20     0 skipped,shrunk -
  96  1  2.000e+18         0  486  532 CRUISE 3 184   8  64   2  416 | 140.00  140   0  8 0 0  0  0 |  4.222e+15  2.248e+18          0  1.057e+20     0 skipped,shrunk -
  97  1  2.000e+18         0  486  532 CRUISE 3 184   8  64   2  416 | 140.00  140   0  8 0 0  0  0 |  4.222e+15  2.263e+18          0  1.077e+20     0 skipped,shrunk -
  98  1  2.000e+18         0  486  532 CRUISE 3 184   8  64   2  416 | 140.00  140   0  8 0 0  0  0 |  4.222e+15  2.279e+18          0  1.097e+20     0 skipped,shrunk -
  99  1  2.000e+18         0  486  532 CRUISE 3 184   8  64   2  416 | 140.00  140   0  8 0 0  0  0 |  4.222e+15  2.295e+18          0  1.117e+20     0 skipped,shrunk -
 100  1  2.000e+18         0  486  533 CRUISE 3 184   8  64   2  416 | 140.00  140   0  8 0 0  0  0 |  4.222e+15  2.310e+18          0  1.137e+20     0 skipped,shrunk -
 101  1  2.000e+18         0  486  533 CRUISE 3 184   8  64   2  416 | 140.00  140   0  8 0 0  0  0 |  4.222e+15  2.326e+18          0  1.157e+20     0 skipped,shrunk -
 102  1  2.000e+18         0  486  533 CRUISE 3 184   8  64   2  416 | 140.00  140   0  8 0 0  0  0 |  4.222e+15  2.341e+18          0  1.177e+20     0 skipped,shrunk -
 103  1  2.000e+18         0  486  533 CRUISE 3 184   8  64   2  416 | 140.00  140   0  8 0 0  0  0 |  4.222e+15  2.357e+18          0  1.197e+20     0 skipped,shrunk -
 104  1  2.000e+18         0  486  533 CRUISE 3 184   8  64   2  416 | 140.00  140   0  8 0 0  0  0 |  4.222e+15  2.372e+18          0  1.217e+20     0 skipped,shrunk -
 105  1  2.000e+18         0  486  534 CRUISE 3 184   8  64   2  416 | 140.00  140   0  8 0 0  0  0 |  4.222e+15  2.388e+18          0  1.237e+20     0 skipped,shrunk -
 106  1  2.000e+18         0  486  534 CRUISE 3 184   8  64   2  416 | 140.00  140   0  8 0 0  0  0 |  4.222e+15  2.404e+18          0  1.257e+20     0 skipped,shrunk -
 107  1  2.000e+18         0  486  534 CRUISE 3 184   8  64   2  416 | 140.00  140   0  8 0 0  0  0 |  4.222e+15  2.419e+18          0  1.277e+20     0 skipped,shrunk -
 108  1  2.000e+18         0  486  534 CRUISE 3 184   8  64   2  416 | 140.00  140   0  8 0 0  0  0 |  4.222e+15  2.435e+18          0  1.297e+20     0 skipped,shrunk -
 109  1  2.000e+18         0  486  535 CRUISE 3 184   8  64   2  416 | 140.00  140   0  8 0 0  0  0 |  4.222e+15  2.450e+18          0  1.317e+20     0 skipped,shrunk -
 110  1  2.000e+18         0  486  535 CRUISE 3 184   8  64   2  416 | 140.00  140   0  8 0 0  0  0 |  4.222e+15  2.466e+18          0  1.337e+20     0 skipped,shrunk -
 111  1  2.000e+18         0  486  535 CRUISE 3 184   8  64   2  416 | 140.00  140   0  8 0 0  0  0 |  4.222e+15  2.482e+18          0  1.356e+20     0 skipped,shrunk -
 112  1  2.000e+18         0  486  535 CRUISE 3 184   8  64   2  416 | 140.00  140   0  8 0 0  0  0 |  4.222e+15  2.497e+18          0  1.376e+20     0 skipped,shrunk -
 113  1  2.000e+18         0  486  535 CRUISE 3 184   8  64   2  416 | 140.00  140   0  8 0 0  0  0 |  4.222e+15  2.513e+18          0  1.396e+20     0 skipped,shrunk -
 114  1  2.000e+18         0  486  536 CRUISE 3 184   8  64   2  416 | 140.00  140   0  8 0 0  0  0 |  4.222e+15  2.528e+18          0  1.416e+20     0 skipped,shrunk -
 115  1  2.000e+18         0  486  536 CRUISE 3 184   8  64   2  416 | 140.00  140   0  8 0 0  0  0 |  4.222e+15  2.544e+18          0  1.436e+20     0 skipped,shrunk -
 116  1  2.000e+18         0  486  536 CRUISE 3 184   8  64   2  416 | 140.00  140   0  8 0 0  0  0 |  4.222e+15  2.560e+18          0  1.456e+20     0 skipped,shrunk -
 117  1  2.000e+18         0  486  536 CRUISE 3 184   8  64   2  416 | 140.00  140   0  8 0 0  0  0 |  4.222e+15  2.575e+18          0  1.476e+20     0 skipped,shrunk -
 118  1  2.000e+18         0  486  537 CRUISE 3 184   8  64   2  416 | 140.00  140   0  8 0 0  0  0 |  4.222e+15  2.591e+18          0  1.496e+20     0 skipped,shrunk -
 119  1  2.000e+18         0  486  537 CRUISE 3 184   8  64   2  416 | 140.00  140   0  8 0 0  0  0 |  4.222e+15  2.606e+18          0  1.516e+20     0 skipped,shrunk -
 120  1  2.000e+18         0  486  537 CRUISE 3 184   8  64   2  416 | 140.00  140   0  8 0 0  0  0 |  4.222e+15  2.622e+18          0  1.536e+20     0 skipped,shrunk -
 121  1  2.000e+18         0  486  537 CRUISE 3 184   8  64   2  416 | 140.00  140   0  8 0 0  0  0 |  4.222e+15  2.638e+18          0  1.556e+20     0 skipped,shrunk -
 122  1  2.000e+18         0  486  537 CRUISE 3 184   8  64   2  416 | 140.00  140   0  8 0 0  0  0 |  4.222e+15  2.653e+18          0  1.576e+20     0 skipped,shrunk -
 123  1  2.000e+18         0  486  537 CRUISE 3 184   8  64   2  416 | 140.00  140   0  8 0 0  0  0 |  4.222e+15  2.669e+18          0  1.596e+20     0 skipped,shrunk -
 124  1  2.000e+18         0  486  537 CRUISE 3 184   8  64   2  416 | 140.00  140   0  8 0 0  0  0 |  4.222e+15  2.684e+18          0  1.616e+20     0 skipped,shrunk -
 125  1  2.000e+18         0  486  537 CRUISE 3 184   8  64   2  416 | 140.00  140   0  8 0 0  0  0 |  4.222e+15  2.700e+18          0  1.636e+20     0 skipped,shrunk -
 126  1  2.000e+18         0  486  537 CRUISE 3 184   8  64   2  416 | 140.00  140   0  8 0 0  0  0 |  4.222e+15  2.716e+18          0  1.656e+20     0 skipped,shrunk -
 127  1  2.000e+18         0  486  537 CRUISE 3 184   8  64   2  416 | 140.00  140   0  8 0 0  0  0 |  4.222e+15  2.731e+18          0  1.676e+20     0 skipped,shrunk -
 128  1  2.000e+18         0  486  538 CRUISE 3 184   8  64   2  416 | 140.00  140   0  8 0 0  0  0 |  4.222e+15  2.747e+18          0  1.696e+20     0 skipped,shrunk -
 129  1  2.000e+18         0  486  538 CRUISE 3 184   8  64   2  416 | 140.00  140   0  8 0 0  0  0 |  4.222e+15  2.762e+18          0  1.716e+20     0 skipped,shrunk -
 130  1  2.000e+18         0  486  538 CRUISE 3 184   8  64   2  416 | 140.00  140   0  8 0 0  0  0 |  4.222e+15  2.778e+18          0  1.736e+20     0 skipped,shrunk -
 131  1  2.000e+18         0  486  538 CRUISE 3 184   8  64   2  416 | 140.00  140   0  8 0 0  0  0 |  4.222e+15  2.793e+18          0  1.756e+20     0 skipped,shrunk -
 132  1  2.000e+18         0  486  538 CRUISE 3 184   8  64   2  416 | 140.00  140   0  8 0 0  0  0 |  4.222e+15  2.809e+18          0  1.776e+20     0 skipped,shrunk -
 133  1  2.000e+18         0  486  538 CRUISE 3 184   8  64   2  416 | 140.00  140   0  8 0 0  0  0 |  4.222e+15  2.825e+18          0  1.796e+20     0 skipped,shrunk -
 134  1  2.000e+18         0  486  538 CRUISE 3 184   8  64   2  416 | 140.00  140   0  8 0 0  0  0 |  4.222e+15  2.840e+18          0  1.815e+20     0 skipped,shrunk -
 135  1  2.000e+18         0  486  538 CRUISE 3 184   8  64   2  416 | 140.00  140   0  8 0 0  0  0 |  4.222e+15  2.856e+18          0  1.835e+20     0 skipped,shrunk -
 136  1  2.000e+18         0  486  538 CRUISE 3 184   8  64   2  416 | 140.00  140   0  8 0 0  0  0 |  4.222e+15  2.871e+18          0  1.855e+20     0 skipped,shrunk -
 137  1  2.000e+18         0  486  539 CRUISE 3 184   8  64   2  416 | 140.00  140   0  8 0 0  0  0 |  4.222e+15  2.887e+18          0  1.875e+20     0 skipped,shrunk -
 138  1  2.000e+18         0  486  539 CRUISE 3 184   8  64   2  416 | 140.00  140   0  8 0 0  0  0 |  4.222e+15  2.903e+18          0  1.895e+20     0 skipped,shrunk -
 139  1  2.000e+18         0  486  539 CRUISE 3 184   8  64   2  416 | 140.00  140   0  8 0 0  0  0 |  4.222e+15  2.918e+18          0  1.915e+20     0 skipped,shrunk -
 140  1  2.000e+18         0  486  539 CRUISE 3 184   8  64   2  416 | 140.00  140   0  8 0 0  0  0 |  4.222e+15  2.934e+18          0  1.935e+20     0 skipped,shrunk -
 141  1  2.000e+18         0  486  539 CRUISE 3 184   8  64   2  416 | 140.00  140   0  8 0 0  0  0 |  4.222e+15  2.949e+18          0  1.955e+20     0 skipped,shrunk -
 142  1  2.000e+18         0  486  539 CRUISE 3 184   8  64   2  416 | 140.00  140   0  8 0 0  0  0 |  4.222e+15  2.965e+18          0  1.975e+20     0 skipped,shrunk -
 143  1  2.000e+18         0  486  539 CRUISE 3 184   8  64   2  416 | 140.00  140   0  8 0 0  0  0 |  4.222e+15  2.981e+18          0  1.995e+20     0 skipped,shrunk -
 144  1  2.000e+18         0  486  539 CRUISE 3 184   8  64   2  416 | 140.00  140   0  8 0 0  0  0 |  4.222e+15  2.996e+18          0  2.015e+20     0 skipped,shrunk -
 145  1  2.000e+18         0  486  539 CRUISE 3 184   8  64   2  416 | 140.00  140   0  8 0 0  0  0 |  4.222e+15  3.012e+18          0  2.035e+20     0 skipped,shrunk -
 146  1  2.000e+18         0  486  540 CRUISE 3 184   8  64   2  416 | 140.00  140   0  8 0 0  0  0 |  4.222e+15  3.027e+18          0  2.055e+20     0 skipped,shrunk -
 147  1  2.000e+18         0  486  540 CRUISE 3 184   8  64   2  416 | 140.00  140   0  8 0 0  0  0 |  4.222e+15  3.043e+18          0  2.075e+20     0 skipped,shrunk -
 148  1  2.000e+18         0  486  540 CRUISE 3 184   8  64   2  416 | 140.00  140   0  8 0 0  0  0 |  4.222e+15  3.059e+18          0  2.095e+20     0 skipped,shrunk -
 149  1  2.000e+18         0  486  540 CRUISE 3 184   8  64   2  416 | 140.00  140   0  8 0 0  0  0 |  4.222e+15  3.074e+18          0  2.115e+20     0 skipped,shrunk -
 150  1  2.000e+18         0  486  540 CRUISE 3 184   8  64   2  416 | 140.00  140   0  8 0 0  0  0 |  4.222e+15  3.090e+18          0  2.135e+20     0 skipped,shrunk -
 151  1  2.000e+18         0  486  540 CRUISE 3 184   8  64   2  416 | 140.00  140   0  8 0 0  0  0 |  4.222e+15  3.105e+18          0  2.155e+20     0 skipped,shrunk -
 152  1  2.000e+18         0  486  540 CRUISE 3 184   8  64   2  416 | 140.00  140   0  8 0 0  0  0 |  4.222e+15  3.121e+18          0  2.175e+20     0 skipped,shrunk -
 153  1  2.000e+18         0  486  540 CRUISE 3 184   8  64   2  416 | 140.00  140   0  8 0 0  0  0 |  4.222e+15  3.137e+18          0  2.195e+20     0 skipped,shrunk -
 154  1  2.000e+18         0  486  540 CRUISE 3 184   8  64   2  416 | 140.00  140   0  8 0 0  0  0 |  4.222e+15  3.152e+18          0  2.215e+20     0 skipped,shrunk -
 155  1  2.000e+18         0  486  541 CRUISE 3 184   8  64   2  416 | 140.00  140   0  8 0 0  0  0 |  4.222e+15  3.168e+18          0  2.235e+20     0 skipped,shrunk -
 156  1  2.000e+18         0  486  541 CRUISE 3 184   8  64   2  416 | 140.00  140   0  8 0 0  0  0 |  4.222e+15  3.183e+18          0  2.255e+20     0 skipped,shrunk -
 157  1  2.000e+18         0  486  541 CRUISE 3 184   8  64   2  416 | 140.00  140   0  8 0 0  0  0 |  4.222e+15  3.199e+18          0  2.275e+20     0 skipped,shrunk -
 158  1  2.000e+18         0  486  541 CRUISE 3 184   8  64   2  416 | 140.00  140   0  8 0 0  0  0 |  4.222e+15  3.214e+18          0  2.294e+20     0 skipped,shrunk -
 159  1  2.000e+18         0  486  541 CRUISE 3 184   8  64   2  416 | 140.00  140   0  8 0 0  0  0 |  4.222e+15  3.230e+18          0  2.314e+20     0 skipped,shrunk -
 160  1  2.000e+18         0  486  541 CRUISE 3 184   8  64   2  416 | 140.00  140   0  8 0 0  0  0 |  4.222e+15  3.246e+18          0  2.334e+20     0 skipped,shrunk -
 161  1  2.000e+18         0  486  541 CRUISE 3 184   8  64   2  416 | 140.00  140   0  8 0 0  0  0 |  4.222e+15  3.261e+18          0  2.354e+20     0 skipped,shrunk -
 162  1  2.000e+18         0  486  541 CRUISE 3 184   8  64   2  416 | 140.00  140   0  8 0 0  0  0 |  4.222e+15  3.277e+18          0  2.374e+20     0 skipped,shrunk -
 163  1  2.000e+18         0  486  541 CRUISE 3 184   8  64   2  416 | 140.00  140   0  8 0 0  0  0 |  4.222e+15  3.292e+18          0  2.394e+20     0 skipped,shrunk -
 164  1  2.000e+18         0  486  541 CRUISE 3 184   8  64   2  416 | 140.00  140   0  8 0 0  0  0 |  4.222e+15  3.308e+18          0  2.414e+20     0 skipped,shrunk -
 165  1  2.000e+18         0  486  542 CRUISE 3 184   8  64   2  416 | 140.00  140   0  8 0 0  0  0 |  4.222e+15  3.324e+18          0  2.434e+20     0 skipped,shrunk -
 166  1  2.000e+18         0  486  542 CRUISE 3 184   8  64   2  416 | 140.00  140   0  8 0 0  0  0 |  4.222e+15  3.339e+18          0  2.454e+20     0 skipped,shrunk -
 167  1  2.000e+18         0  486  542 CRUISE 3 184   8  64   2  416 | 140.00  140   0  8 0 0  0  0 |  4.222e+15  3.355e+18          0  2.474e+20     0 skipped,shrunk -
 168  1  2.000e+18         0  486  542 CRUISE 3 184   8  64   2  416 | 140.00  140   0  8 0 0  0  0 |  4.222e+15  3.370e+18          0  2.494e+20     0 skipped,shrunk -
 169  1  2.000e+18         0  486  542 CRUISE 3 184   8  64   2  416 | 140.00  140   0  8 0 0  0  0 |  4.222e+15  3.386e+18          0  2.514e+20     0 skipped,shrunk -
 170  1  2.000e+18         0  486  542 CRUISE 3 184   8  64   2  416 | 140.00  140   0  8 0 0  0  0 |  4.222e+15  3.402e+18          0  2.534e+20     0 skipped,shrunk -
 171  1  2.000e+18         0  486  542 CRUISE 3 184   8  64   2  416 | 140.00  140   0  8 0 0  0  0 |  4.222e+15  3.417e+18          0  2.554e+20     0 skipped,shrunk -
 172  1  2.000e+18         0  486  542 CRUISE 3 184   8  64   2  416 | 140.00  140   0  8 0 0  0  0 |  4.222e+15  3.433e+18          0  2.574e+20     0 skipped,shrunk -
 173  1  2.000e+18         0  486  542 CRUISE 3 184   8  64   2  416 | 140.00  140   0  8 0 0  0  0 |  4.222e+15  3.448e+18          0  2.594e+20     0 skipped,shrunk -
 174  1  2.000e+18         0  486  543 CRUISE 3 184   8  64   2  416 | 140.00  140   0  8 0 0  0  0 |  4.222e+15  3.464e+18          0  2.614e+20     0 skipped,shrunk -
 175  1  2.000e+18         0  486  543 CRUISE 3 184   8  64   2  416 | 140.00  140   0  8 0 0  0  0 |  4.222e+15  3.480e+18          0  2.634e+20     0 skipped,shrunk -
 176  1  2.000e+18         0  486  543 CRUISE 3 184   8  64   2  416 | 140.00  140   0  8 0 0  0  0 |  4.222e+15  3.495e+18          0  2.654e+20     0 skipped,shrunk -
 177  1  2.000e+18         0  486  543 CRUISE 3 184   8  64   2  416 | 140.00  140   0  8 0 0  0  0 |  4.222e+15  3.511e+18          0  2.674e+20     0 skipped,shrunk -
 178  1  2.000e+18         0  486  543 CRUISE 3 184   8  64   2  416 | 140.00  140   0  8 0 0  0  0 |  4.222e+15  3.526e+18          0  2.694e+20     0 skipped,shrunk -
 179  1  2.000e+18         0  486  543 CRUISE 3 184   8  64   2  416 | 140.00  140   0  8 0 0  0  0 |  4.222e+15  3.542e+18          0  2.714e+20     0 skipped,shrunk -
 180  1  2.000e+18         0  486  543 CRUISE 3 184   8  64   2  416 | 140.00  140   0  8 0 0  0  0 |  4.222e+15  3.557e+18          0  2.734e+20     0 skipped,shrunk -
 181  1  2.000e+18         0  486  543 CRUISE 3 184   8  64   2  416 | 140.00  140   0  8 0 0  0  0 |  4.222e+15  3.573e+18          0  2.754e+20     0 skipped,shrunk -
 182  1  2.000e+18         0  486  543 CRUISE 3 184   8  64   2  416 | 140.00  140   0  8 0 0  0  0 |  4.222e+15  3.589e+18          0  2.773e+20     0 skipped,shrunk -
 183  1  2.000e+18         0  486  544 CRUISE 3 184   8  64   2  416 | 140.00  140   0  8 0 0  0  0 |  4.222e+15  3.604e+18          0  2.793e+20     0 skipped,shrunk -
 184  1  2.000e+18         0  486  544 CRUISE 3 184   8  64   2  416 | 140.00  140   0  8 0 0  0  0 |  4.222e+15  3.620e+18          0  2.813e+20     0 skipped,shrunk -
 185  1  2.000e+18         0  486  544 CRUISE 3 184   8  64   2  416 | 140.00  140   0  8 0 0  0  0 |  4.222e+15  3.635e+18          0  2.833e+20     0 skipped,shrunk -
 186  1  2.000e+18         0  486  544 CRUISE 3 184   8  64   2  416 | 140.00  140   0  8 0 0  0  0 |  4.222e+15  3.651e+18          0  2.853e+20     0 skipped,shrunk -
 187  1  2.000e+18         0  486  544 CRUISE 3 184   8  64   2  416 | 140.00  140   0  8 0 0  0  0 |  4.222e+15  3.667e+18          0  2.873e+20     0 skipped,shrunk -
 188  1  2.000e+18         0  486  544 CRUISE 3 184   8  64   2  416 | 140.00  140   0  8 0 0  0  0 |  4.222e+15  3.682e+18          0  2.893e+20     0 skipped,shrunk -
 189  1  2.000e+18         0  486  544 CRUISE 3 184   8  64   2  416 | 140.00  140   0  8 0 0  0  0 |  4.222e+15  3.698e+18          0  2.913e+20     0 skipped,shrunk -
 190  1  2.000e+18         0  486  544 CRUISE 3 184   8  64   2  416 | 140.00  140   0  8 0 0  0  0 |  4.222e+15  3.713e+18          0  2.933e+20     0 skipped,shrunk -
 191  1  2.000e+18         0  486  544 CRUISE 3 184   8  64   2  416 | 140.00  140   0  8 0 0  0  0 |  4.222e+15  3.729e+18          0  2.953e+20     0 skipped,shrunk -
 192  1  2.000e+18         0  486  545 CRUISE 3 184   8  64   2  416 | 140.00  140   0  8 0 0  0  0 |  4.222e+15  3.745e+18          0  2.973e+20     0 skipped,shrunk -
 193  1  2.000e+18         0  486  545 CRUISE 3 184   8  64   2  416 | 140.00  140   0  8 0 0  0  0 |  4.222e+15  3.760e+18          0  2.993e+20     0 skipped,shrunk -
 194  1  2.000e+18         0  486  545 CRUISE 3 184   8  64   2  416 | 140.00  140   0  8 0 0  0  0 |  4.222e+15  3.776e+18          0  3.013e+20     0 skipped,shrunk -
 195  1  2.000e+18         0  486  545 CRUISE 3 184   8  64   2  416 | 140.00  140   0  8 0 0  0  0 |  4.222e+15  3.791e+18          0  3.033e+20     0 skipped,shrunk -
 196  1  2.000e+18         0  486  545 CRUISE 3 184   8  64   2  416 | 140.00  140   0  8 0 0  0  0 |  4.222e+15  3.807e+18          0  3.053e+20     0 skipped,shrunk -
 197  1  2.000e+18         0  486  545 CRUISE 3 184   8  64   2  416 | 140.00  140   0  8 0 0  0  0 |  4.222e+15  3.823e+18          0  3.073e+20     0 skipped,shrunk -
 198  1  2.000e+18         0  486  545 CRUISE 3 184   8  64   2  416 | 140.00  140   0  8 0 0  0  0 |  4.222e+15  3.838e+18          0  3.093e+20     0 skipped,shrunk -
 199  1  2.000e+18         0  486  545 CRUISE 3 184   8  64   2  416 | 140.00  140   0  8 0 0  0  0 |  4.222e+15  3.854e+18          0  3.113e+20     0 skipped,shrunk -
 200  1  2.000e+18         0  486  545 CRUISE 3 184   8  64   2  416 | 140.00  140   0  8 0 0  0  0 |  4.222e+15  3.869e+18          0  3.133e+20     0 skipped,shrunk -
 201  1  2.000e+18         0  486  545 CRUISE 3 184   8  64   2  416 | 140.00  140   0  8 0 0  0  0 |  4.222e+15  3.885e+18          0  3.153e+20     0 skipped,shrunk -
 202  1  2.000e+18         0  486  545 CRUISE 3 184   8  64   2  416 | 140.00  140   0  8 0 0  0  0 |  4.222e+15  3.901e+18          0  3.173e+20     0 skipped,shrunk -
 203  1  2.000e+18         0  486  545 CRUISE 3 184   8  64   2  416 | 140.00  140   0  8 0 0  0  0 |  4.222e+15  3.916e+18          0  3.193e+20     0 skipped,shrunk -
 204  1  2.000e+18         0  486  545 CRUISE 3 184   8  64   2  416 | 140.00  140   0  8 0 0  0  0 |  4.222e+15  3.932e+18          0  3.213e+20     0 skipped,shrunk -
 205  1  2.000e+18         0  486  545 CRUISE 3 184   8  64   2  416 | 140.00  140   0  8 0 0  0  0 |  4.222e+15  3.947e+18          0  3.232e+20     0 skipped,shrunk -
 206  1  2.000e+18         0  486  545 CRUISE 3 184   8  64   2  416 | 140.00  140   0  8 0 0  0  0 |  4.222e+15  3.963e+18          0  3.252e+20     0 skipped,shrunk -
 207  1  2.000e+18         0  486  545 CRUISE 3 184   8  64   2  416 | 140.00  140   0  8 0 0  0  0 |  4.222e+15  3.978e+18          0  3.272e+20     0 skipped,shrunk -
 208  1  2.000e+18         0  486  545 CRUISE 3 184   8  64   2  416 | 140.00  140   0  8 0 0  0  0 |  4.222e+15  3.994e+18          0  3.292e+20     0 skipped,shrunk -
 209  1  2.000e+18         0  486  545 CRUISE 3 184   8  64   2  416 | 140.00  140   0  8 0 0  0  0 |  4.222e+15  4.010e+18          0  3.312e+20     0 skipped,shrunk -
 210  1  2.000e+18         0  486  545 CRUISE 3 184   8  64   2  416 | 140.00  140   0  8 0 0  0  0 |  4.222e+15  4.025e+18          0  3.332e+20     0 skipped,shrunk -
 211  1  2.000e+18         0  486  546 CRUISE 3 184   8  64   2  416 | 140.00  140   0  8 0 0  0  0 |  4.222e+15  4.041e+18          0  3.352e+20     0 skipped,shrunk -
 212  1  2.000e+18         0  486  546 CRUISE 3 184   8  64   2  416 | 140.00  140   0  8 0 0  0  0 |  4.222e+15  4.056e+18          0  3.372e+20     0 skipped,shrunk -
 213  1  2.000e+18         0  486  546 CRUISE 3 184   8  64   2  416 | 140.00  140   0  8 0 0  0  0 |  4.222e+15  4.072e+18          0  3.392e+20     0 skipped,shrunk -
 214  1  2.000e+18         0  486  546 CRUISE 3 184   8  64   2  416 | 140.00  140   0  8 0 0  0  0 |  4.222e+15  4.088e+18          0  3.412e+20     0 skipped,shrunk -
 215  1  2.000e+18         0  486  546 CRUISE 3 184   8  64   2  416 | 140.00  140   0  8 0 0  0  0 |  4.222e+15  4.103e+18          0  3.432e+20     0 skipped,shrunk -
 216  1  2.000e+18         0  486  546 CRUISE 3 184   8  64   2  416 | 140.00  140   0  8 0 0  0  0 |  4.222e+15  4.119e+18          0  3.452e+20     0 skipped,shrunk -
 217  1  2.000e+18         0  486  546 CRUISE 3 184   8  64   2  416 | 140.00  140   0  8 0 0  0  0 |  4.222e+15  4.134e+18          0  3.472e+20     0 skipped,shrunk -
 218  1  2.000e+18         0  486  546 CRUISE 3 184   8  64   2  416 | 140.00  140   0  8 0 0  0  0 |  4.222e+15  4.150e+18          0  3.492e+20     0 skipped,shrunk -
 219  1  2.000e+18         0  486  546 CRUISE 3 184   8  64   2  416 | 140.00  140   0  8 0 0  0  0 |  4.222e+15  4.166e+18          0  3.512e+20     0 skipped,shrunk -
 220  1  2.000e+18         0  486  546 CRUISE 3 184   8  64   2  416 | 140.00  140   0  8 0 0  0  0 |  4.222e+15  4.181e+18          0  3.532e+20     0 skipped,shrunk -
 221  1  2.000e+18         0  486  546 CRUISE 3 184   8  64   2  416 | 140.00  140   0  8 0 0  0  0 |  4.222e+15  4.197e+18          0  3.552e+20     0 skipped,shrunk -
 222  1  2.000e+18         0  486  546 CRUISE 3 184   8  64   2  416 | 140.00  140   0  8 0 0  0  0 |  4.222e+15  4.212e+18          0  3.572e+20     0 skipped,shrunk -
 223  1  2.000e+18         0  486  546 CRUISE 3 184   8  64   2  416 | 140.00  140   0  8 0 0  0  0 |  4.222e+15  4.228e+18          0  3.592e+20     0 skipped,shrunk -
 224  1  2.000e+18         0  486  546 CRUISE 3 184   8  64   2  416 | 140.00  140   0  8 0 0  0  0 |  4.222e+15  4.244e+18          0  3.612e+20     0 skipped,shrunk -
 225  1  2.000e+18         0  486  546 CRUISE 3 184   8  64   2  416 | 140.00  140   0  8 0 0  0  0 |  4.222e+15  4.259e+18          0  3.632e+20     0 skipped,shrunk -
 226  1  2.000e+18         0  486  546 CRUISE 3 184   8  64   2  416 | 140.00  140   0  8 0 0  0  0 |  4.222e+15  4.275e+18          0  3.652e+20     0 skipped,shrunk -
 227  1  2.000e+18         0  486  546 CRUISE 3 184   8  64   2  416 | 140.00  140   0  8 0 0  0  0 |  4.222e+15  4.290e+18          0  3.672e+20     0 skipped,shrunk -
 228  1  2.000e+18         0  486  546 CRUISE 3 184   8  64   2  416 | 140.00  140   0  8 0 0  0  0 |  4.222e+15  4.306e+18          0  3.692e+20     0 skipped,shrunk -
 229  1  2.000e+18         0  486  547 CRUISE 3 184   8  64   2  416 | 140.00  140   0  8 0 0  0  0 |  4.222e+15  4.321e+18          0  3.711e+20     0 skipped,shrunk -
 230  1  2.000e+18         0  486  547 CRUISE 3 184   8  64   2  416 | 140.00  140   0  8 0 0  0  0 |  4.222e+15  4.337e+18          0  3.731e+20     0 skipped,shrunk -
 231  1  2.000e+18         0  486  547 CRUISE 3 184   8  64   2  416 | 140.00  140   0  8 0 0  0  0 |  4.222e+15  4.353e+18          0  3.751e+20     0 skipped,shrunk -
 232  1  2.000e+18         0  486  547 CRUISE 3 184   8  64   2  416 | 140.00  140   0  8 0 0  0  0 |  4.222e+15  4.368e+18          0  3.771e+20     0 skipped,shrunk -
 233  1  2.000e+18         0  486  547 CRUISE 3 184   8  64   2  416 | 140.00  140   0  8 0 0  0  0 |  4.222e+15  4.384e+18          0  3.791e+20     0 skipped,shrunk -
 234  1  2.000e+18         0  486  547 CRUISE 3 184   8  64   2  416 | 140.00  140   0  8 0 0  0  0 |  4.222e+15  4.399e+18          0  3.811e+20     0 skipped,shrunk -
 235  1  2.000e+18         0  486  547 CRUISE 3 184   8  64   2  416 | 140.00  140   0  8 0 0  0  0 |  4.222e+15  4.415e+18          0  3.831e+20     0 skipped,shrunk -
 236  1  2.000e+18         0  486  547 CRUISE 3 184   8  64   2  416 | 140.00  140   0  8 0 0  0  0 |  4.222e+15  4.431e+18          0  3.851e+20     0 skipped,shrunk -
 237  1  2.000e+18         0  486  547 CRUISE 3 184   8  64   2  416 | 140.00  140   0  8 0 0  0  0 |  4.222e+15  4.446e+18          0  3.871e+20     0 skipped,shrunk -
 238  1  2.000e+18         0  486  547 CRUISE 3 184   8  64   2  416 | 140.00  140   0  8 0 0  0  0 |  4.222e+15  4.462e+18          0  3.891e+20     0 skipped,shrunk -
 239  1  2.000e+18         0  486  547 CRUISE 3 184   8  64   2  416 | 140.00  140   0  8 0 0  0  0 |  4.222e+15  4.477e+18          0  3.911e+20     0 skipped,shrunk -
 240  1  2.000e+18         0  486  547 CRUISE 3 184   8  64   2  416 | 140.00  140   0  8 0 0  0  0 |  4.222e+15  4.493e+18          0  3.931e+20     0 skipped,shrunk -
 241  1  2.000e+18         0  486  547 CRUISE 3 184   8  64   2  416 | 140.00  140   0  8 0 0  0  0 |  4.222e+15  4.509e+18          0  3.951e+20     0 skipped,shrunk -
 242  1  2.000e+18         0  486  547 CRUISE 3 184   8  64   2  416 | 140.00  140   0  8 0 0  0  0 |  4.222e+15  4.524e+18          0  3.971e+20     0 skipped,shrunk -
 243  1  2.000e+18         0  486  547 CRUISE 3 184   8  64   2  416 | 140.00  140   0  8 0 0  0  0 |  4.222e+15  4.540e+18          0  3.991e+20     0 skipped,shrunk -
 244  1  2.000e+18         0  486  547 CRUISE 3 184   8  64   2  416 | 140.00  140   0  8 0 0  0  0 |  4.222e+15  4.555e+18          0  4.011e+20     0 skipped,shrunk -
 245  1  2.000e+18         0  486  547 CRUISE 3 184   8  64   2  416 | 140.00  140   0  8 0 0  0  0 |  4.222e+15  4.571e+18          0  4.031e+20     0 skipped,shrunk -
 246  1  2.000e+18         0  486  547 CRUISE 3 184   8  64   2  416 | 140.00  140   0  8 0 0  0  0 |  4.222e+15  4.587e+18          0  4.051e+20     0 skipped,shrunk -
 247  1  2.000e+18         0  486  547 CRUISE 3 184   8  64   2  416 | 140.00  140   0  8 0 0  0  0 |  4.222e+15  4.602e+18          0  4.071e+20     0 skipped,shrunk -
 248  1  2.000e+18         0  486  548 CRUISE 3 184   8  64   2  416 | 140.00  140   0  8 0 0  0  0 |  4.222e+15  4.618e+18          0  4.091e+20     0 skipped,shrunk -
 249  1  2.000e+18         0  486  548 CRUISE 3 184   8  64   2  416 | 140.00  140   0  8 0 0  0  0 |  4.222e+15  4.633e+18          0  4.111e+20     0 skipped,shrunk -
 250  1  2.000e+18         0  486  548 CRUISE 3 184   8  64   2  416 | 140.00  140   0  8 0 0  0  0 |  4.222e+15  4.649e+18          0  4.131e+20     0 skipped,shrunk -
 251  1  2.000e+18         0  486  548 CRUISE 3 184   8  64   2  416 | 140.00  140   0  8 0 0  0  0 |  4.222e+15  4.665e+18          0  4.151e+20     0 skipped,shrunk -
 252  1  2.000e+18         0  486  548 CRUISE 3 184   8  64   2  416 | 140.00  140   0  8 0 0  0  0 |  4.222e+15  4.680e+18          0  4.171e+20     0 skipped,shrunk -
 253  1  2.000e+18         0  486  548 CRUISE 3 184   8  64   2  416 | 140.00  140   0  8 0 0  0  0 |  4.222e+15  4.696e+18          0  4.190e+20     0 skipped,shrunk -
 254  1  2.000e+18         0  486  548 CRUISE 3 184   8  64   2  416 | 140.00  140   0  8 0 0  0  0 |  4.222e+15  4.711e+18          0  4.210e+20     0 skipped,shrunk -
 255  1  2.000e+18         0  486  548 CRUISE 3 184   8  64   2  416 | 140.00  140   0  8 0 0  0  0 |  4.222e+15  4.727e+18          0  4.230e+20     0 skipped,shrunk -
 256  1  2.000e+18         0  486  548 CRUISE 3 184   8  64   2  416 | 140.00  140   0  8 0 0  0  0 |  4.222e+15  4.742e+18          0  4.250e+20     0 skipped,shrunk -
 257  1  2.000e+18         0  486  548 CRUISE 3 184   8  64   2  416 | 140.00  140   0  8 0 0  0  0 |  4.222e+15  4.758e+18          0  4.270e+20     0 skipped,shrunk -
 258  1  2.000e+18         0  486  548 CRUISE 3 184   8  64   2  416 | 140.00  140   0  8 0 0  0  0 |  4.222e+15  4.774e+18          0  4.290e+20     0 skipped,shrunk -
 259  1  2.000e+18         0  486  548 CRUISE 3 184   8  64   2  416 | 140.00  140   0  8 0 0  0  0 |  4.222e+15  4.789e+18          0  4.310e+20     0 skipped,shrunk -
 260  1  2.000e+18         0  486  548 CRUISE 3 184   8  64   2  416 | 140.00  140   0  8 0 0  0  0 |  4.222e+15  4.805e+18          0  4.330e+20     0 skipped,shrunk -
 261  1  2.000e+18         0  486  548 CRUISE 3 184   8  64   2  416 | 140.00  140   0  8 0 0  0  0 |  4.222e+15  4.820e+18          0  4.350e+20     0 skipped,shrunk -
 262  1  2.000e+18         0  486  548 CRUISE 3 184   8  64   2  416 | 140.00  140   0  8 0 0  0  0 |  4.222e+15  4.836e+18          0  4.370e+20     0 skipped,shrunk -
 263  1  2.000e+18         0  486  548 CRUISE 3 184   8  64   2  416 | 140.00  140   0  8 0 0  0  0 |  4.222e+15  4.852e+18          0  4.390e+20     0 skipped,shrunk -
 264  1  2.000e+18         0  486  548 CRUISE 3 184   8  64   2  416 | 140.00  140   0  8 0 0  0  0 |  4.222e+15  4.867e+18          0  4.410e+20     0 skipped,shrunk -
 265  1  2.000e+18         0  486  548 CRUISE 3 184   8  64   2  416 | 140.00  140   0  8 0 0  0  0 |  4.222e+15  4.883e+18          0  4.430e+20     0 skipped,shrunk -
 266  1  2.000e+18         0  486  549 CRUISE 3 184   8  64   2  416 | 140.00  140   0  8 0 0  0  0 |  4.222e+15  4.898e+18          0  4.450e+20     0 skipped,shrunk -
 267  1  2.000e+18         0  486  549 CRUISE 3 184   8  64   2  416 | 140.00  140   0  8 0 0  0  0 |  4.222e+15  4.914e+18          0  4.470e+20     0 skipped,shrunk -
 268  1  2.000e+18         0  486  549 CRUISE 3 184   8  64   2  416 | 140.00  140   0  8 0 0  0  0 |  4.222e+15  4.930e+18          0  4.490e+20     0 skipped,shrunk -
 269  1  2.000e+18         0  486  549 CRUISE 3 184   8  64   2  416 | 140.00  140   0  8 0 0  0  0 |  4.222e+15  4.945e+18          0  4.510e+20     0 skipped,shrunk -
 270  1  2.000e+18         0  486  549 CRUISE 3 184   8  64   2  416 | 140.00  140   0  8 0 0  0  0 |  4.222e+15  4.961e+18          0  4.530e+20     0 skipped,shrunk -
 271  1  2.000e+18         0  486  549 CRUISE 3 184   8  64   2  416 | 140.00  140   0  8 0 0  0  0 |  4.222e+15  4.976e+18          0  4.550e+20     0 skipped,shrunk -
 272  1  2.000e+18         0  486  549 CRUISE 3 184   8  64   2  416 | 140.00  140   0  8 0 0  0  0 |  4.222e+15  4.992e+18          0  4.570e+20     0 skipped,shrunk -
 273  1  2.000e+18         0  486  549 CRUISE 3 184   8  64   2  416 | 140.00  140   0  8 0 0  0  0 |  4.222e+15  5.008e+18          0  4.590e+20     0 skipped,shrunk -
 274  1  2.000e+18         0  486  549 CRUISE 3 184   8  64   2  416 | 140.00  140   0  8 0 0  0  0 |  4.222e+15  5.023e+18          0  4.610e+20     0 skipped,shrunk -
 275  1  2.000e+18         0  486  549 CRUISE 3 184   8  64   2  416 | 140.00  140   0  8 0 0  0  0 |  4.222e+15  5.039e+18          0  4.630e+20     0 skipped,shrunk -
 276  1  2.000e+18         0  486  549 CRUISE 3 184   8  64   2  416 | 140.00  140   0  8 0 0  0  0 |  4.222e+15  5.054e+18          0  4.649e+20     0 skipped,shrunk -
 277  1  2.000e+18         0  486  549 CRUISE 3 184   8  64   2  416 | 140.00  140   0  8 0 0  0  0 |  4.222e+15  5.070e+18          0  4.669e+20     0 skipped,shrunk -
 278  1  2.000e+18         0  486  549 CRUISE 3 184   8  64   2  416 | 140.00  140   0  8 0 0  0  0 |  4.222e+15  5.086e+18          0  4.689e+20     0 skipped,shrunk -
 279  1  2.000e+18         0  486  549 CRUISE 3 184   8  64   2  416 | 140.00  140   0  8 0 0  0  0 |  4.222e+15  5.101e+18          0  4.709e+20     0 skipped,shrunk -
 280  1  2.000e+18         0  486  549 CRUISE 3 184   8  64   2  416 | 140.00  140   0  8 0 0  0  0 |  4.222e+15  5.117e+18          0  4.729e+20     0 skipped,shrunk -
 281  1  2.000e+18         0  486  549 CRUISE 3 184   8  64   2  416 | 140.00  140   0  8 0 0  0  0 |  4.222e+15  5.132e+18          0  4.749e+20     0 skipped,shrunk -
 282  1  2.000e+18         0  486  549 CRUISE 3 184   8  64   2  416 | 140.00  140   0  8 0 0  0  0 |  4.222e+15  5.148e+18          0  4.769e+20     0 skipped,shrunk -
 283  1  2.000e+18         0  486  549 CRUISE 3 184   8  64   2  416 | 140.00  140   0  8 0 0  0  0 |  4.222e+15  5.163e+18          0  4.789e+20     0 skipped,shrunk -
 284  1  2.000e+18         0  486  549 CRUISE 3 184   8  64   2  416 | 140.00  140   0  8 0 0  0  0 |  4.222e+15  5.179e+18          0  4.809e+20     0 skipped,shrunk -
 285  1  2.000e+18         0  486  550 CRUISE 3 184   8  64   2  416 | 140.00  140   0  8 0 0  0  0 |  4.222e+15  5.195e+18          0  4.829e+20     0 skipped,shrunk -
 286  1  2.000e+18         0  486  550 CRUISE 3 184   8  64   2  416 | 140.00  140   0  8 0 0  0  0 |  4.222e+15  5.210e+18          0  4.849e+20     0 skipped,shrunk -
 287  1  2.000e+18         0  486  550 CRUISE 3 184   8  64   2  416 | 140.00  140   0  8 0 0  0  0 |  4.222e+15  5.226e+18          0  4.869e+20     0 skipped,shrunk -
 288  1  2.000e+18         0  486  550 CRUISE 3 184   8  64   2  416 | 140.00  140   0  8 0 0  0  0 |  4.222e+15  5.241e+18          0  4.889e+20     0 skipped,shrunk -
 289  1  2.000e+18         0  486  550 CRUISE 3 184   8  64   2  416 | 140.00  140   0  8 0 0  0  0 |  4.222e+15  5.257e+18          0  4.909e+20     0 skipped,shrunk -
 290  1  2.000e+18         0  486  550 CRUISE 3 184   8  64   2  416 | 140.00  140   0  8 0 0  0  0 |  4.222e+15  5.273e+18          0  4.929e+20     0 skipped,shrunk -
 291  1  2.000e+18         0  486  550 CRUISE 3 184   8  64   2  416 | 140.00  140   0  8 0 0  0  0 |  4.222e+15  5.288e+18          0  4.949e+20     0 skipped,shrunk -
 292  1  2.000e+18         0  486  550 CRUISE 3 184   8  64   2  416 | 140.00  140   0  8 0 0  0  0 |  4.222e+15  5.304e+18          0  4.969e+20     0 skipped,shrunk -
 293  1  2.000e+18         0  486  550 CRUISE 3 184   8  64   2  416 | 140.00  140   0  8 0 0  0  0 |  4.222e+15  5.319e+18          0  4.989e+20     0 skipped,shrunk -
 294  1  2.000e+18         0  486  550 CRUISE 3 184   8  64   2  416 | 140.00  140   0  8 0 0  0  0 |  4.222e+15  5.335e+18          0  5.009e+20     0 skipped,shrunk -
 295  1  2.000e+18         0  486  550 CRUISE 3 184   8  64   2  416 | 140.00  140   0  8 0 0  0  0 |  4.222e+15  5.351e+18          0  5.029e+20     0 skipped,shrunk -
 296  1  2.000e+18         0  486  550 CRUISE 3 184   8  64   2  416 | 140.00  140   0  8 0 0  0  0 |  4.222e+15  5.366e+18          0  5.049e+20     0 skipped,shrunk -
 297  1  2.000e+18         0  486  550 CRUISE 3 184   8  64   2  416 | 140.00  140   0  8 0 0  0  0 |  4.222e+15  5.382e+18          0  5.069e+20     0 skipped,shrunk -
 298  1  2.000e+18         0  486  550 CRUISE 3 184   8  64   2  416 | 140.00  140   0  8 0 0  0  0 |  4.222e+15  5.397e+18          0  5.089e+20     0 skipped,shrunk -
 299  1  2.000e+18         0  486  550 CRUISE 3 184   8  64   2  416 | 140.00  140   0  8 0 0  0  0 |  4.222e+15  5.413e+18          0  5.109e+20     0 skipped,shrunk -
 300  1  2.000e+18         0  486  550 CRUISE 3 184   8  64   2  416 | 140.00  140   0  8 0 0  0  0 |  4.222e+15  5.429e+18          0  5.128e+20     0 skipped,shrunk -
 301  1  2.000e+18         0  486  550 CRUISE 3 184   8  64   2  416 | 140.00  140   0  8 0 0  0  0 |  4.222e+15  5.444e+18          0  5.148e+20     0 skipped,shrunk -
 302  1  2.000e+18         0  486  550 CRUISE 3 184   8  64   2  416 | 140.00  140   0  8 0 0  0  0 |  4.222e+15  5.460e+18          0  5.168e+20     0 skipped,shrunk -
 303  1  2.000e+18         0  486  551 CRUISE 3 184   8  64   2  416 | 140.00  140   0  8 0 0  0  0 |  4.222e+15  5.475e+18          0  5.188e+20     0 skipped,shrunk -
 304  1  2.000e+18         0  486  551 CRUISE 3 184   8  64   2  416 | 140.00  140   0  8 0 0  0  0 |  4.222e+15  5.491e+18          0  5.208e+20     0 skipped,shrunk -
 305  1  2.000e+18         0  486  551 CRUISE 3 184   8  64   2  416 | 140.00  140   0  8 0 0  0  0 |  4.222e+15  5.506e+18          0  5.228e+20     0 skipped,shrunk -
 306  1  2.000e+18         0  486  551 CRUISE 3 184   8  64   2  416 | 140.00  140   0  8 0 0  0  0 |  4.222e+15  5.522e+18          0  5.248e+20     0 skipped,shrunk -
 307  1  2.000e+18         0  486  551 CRUISE 3 184   8  64   2  416 | 140.00  140   0  8 0 0  0  0 |  4.222e+15  5.538e+18          0  5.268e+20     0 skipped,shrunk -
 308  1  2.000e+18         0  486  551 CRUISE 3 184   8  64   2  416 | 140.00  140   0  8 0 0  0  0 |  4.222e+15  5.553e+18          0  5.288e+20     0 skipped,shrunk -
 309  1  2.000e+18         0  486  551 CRUISE 3 184   8  64   2  416 | 140.00  140   0  8 0 0  0  0 |  4.222e+15  5.569e+18          0  5.308e+20     0 skipped,shrunk -
 310  1  2.000e+18         0  486  551 CRUISE 3 184   8  64   2  416 | 140.00  140   0  8 0 0  0  0 |  4.222e+15  5.584e+18          0  5.328e+20     0 skipped,shrunk -
 311  1  2.000e+18         0  486  551 CRUISE 3 184   8  64   2  416 | 140.00  140   0  8 0 0  0  0 |  4.222e+15  5.600e+18          0  5.348e+20     0 skipped,shrunk -
 312  1  2.000e+18         0  486  551 CRUISE 3 184   8  64   2  416 | 140.00  140   0  8 0 0  0  0 |  4.222e+15  5.616e+18          0  5.368e+20     0 skipped,shrunk -
 313  1  2.000e+18         0  486  551 CRUISE 3 184   8  64   2  416 | 140.00  140   0  8 0 0  0  0 |  4.222e+15  5.631e+18          0  5.388e+20     0 skipped,shrunk -
 314  1  2.000e+18         0  486  551 CRUISE 3 184   8  64   2  416 | 140.00  140   0  8 0 0  0  0 |  4.222e+15  5.647e+18          0  5.408e+20     0 skipped,shrunk -
 315  1  2.000e+18         0  486  551 CRUISE 3 184   8  64   2  416 | 140.00  140   0  8 0 0  0  0 |  4.222e+15  5.662e+18          0  5.428e+20     0 skipped,shrunk -
 316  1  2.000e+18         0  486  551 CRUISE 3 184   8  64   2  416 | 140.00  140   0  8 0 0  0  0 |  4.222e+15  5.678e+18          0  5.448e+20     0 skipped,shrunk -
 317  1  2.000e+18         0  486  551 CRUISE 3 184   8  64   2  416 | 140.00  140   0  8 0 0  0  0 |  4.222e+15  5.694e+18          0  5.468e+20     0 skipped,shrunk -
 318  1  2.000e+18         0  486  551 CRUISE 3 184   8  64   2  416 | 140.00  140   0  8 0 0  0  0 |  4.222e+15  5.709e+18          0  5.488e+20     0 skipped,shrunk -
 319  1  2.000e+18         0  486  551 CRUISE 3 184   8  64   2  416 | 140.00  140   0  8 0 0  0  0 |  4.222e+15  5.725e+18          0  5.508e+20     0 skipped,shrunk -
 320  1  2.000e+18         0  486  551 CRUISE 3 184   8  64   2  416 | 140.00  140   0  8 0 0  0  0 |  4.222e+15  5.740e+18          0  5.528e+20     0 skipped,shrunk -
 321  1  2.000e+18         0  486  551 CRUISE 3 184   8  64   2  416 | 140.00  140   0  8 0 0  0  0 |  4.222e+15  5.756e+18          0  5.548e+20     0 skipped,shrunk -
 322  1  2.000e+18         0  486  552 CRUISE 3 184   8  64   2  416 | 140.00  140   0  8 0 0  0  0 |  4.222e+15  5.772e+18          0  5.568e+20     0 skipped,shrunk -
 323  1  2.000e+18         0  486  552 CRUISE 3 184   8  64   2  416 | 140.00  140   0  8 0 0  0  0 |  4.222e+15  5.787e+18          0  5.588e+20     0 skipped,shrunk -
 324  1  2.000e+18         0  486  552 CRUISE 3 184   8  64   2  416 | 140.00  140   0  8 0 0  0  0 |  4.222e+15  5.803e+18          0  5.607e+20     0 skipped,shrunk -
 325  1  2.000e+18         0  486  552 CRUISE 3 184   8  64   2  416 | 140.00  140   0  8 0 0  0  0 |  4.222e+15  5.818e+18          0  5.627e+20     0 skipped,shrunk -
 326  1  2.000e+18         0  486  552 CRUISE 3 184   8  64   2  416 | 140.00  140   0  8 0 0  0  0 |  4.222e+15  5.834e+18          0  5.647e+20     0 skipped,shrunk -
 327  1  2.000e+18         0  486  552 CRUISE 3 184   8  64   2  416 | 140.00  140   0  8 0 0  0  0 |  4.222e+15  5.850e+18          0  5.667e+20     0 skipped,shrunk -
 328  1  2.000e+18         0  486  552 CRUISE 3 184   8  64   2  416 | 140.00  140   0  8 0 0  0  0 |  4.222e+15  5.865e+18          0  5.687e+20     0 skipped,shrunk -
 329  1  2.000e+18         0  486  552 CRUISE 3 184   8  64   2  416 | 140.00  140   0  8 0 0  0  0 |  4.222e+15  5.881e+18          0  5.707e+20     0 skipped,shrunk -
 330  1  2.000e+18         0  486  552 CRUISE 3 184   8  64   2  416 | 140.00  140   0  8 0 0  0  0 |  4.222e+15  5.896e+18          0  5.727e+20     0 skipped,shrunk -
 331  1  2.000e+18         0  486  552 CRUISE 3 184   8  64   2  416 | 140.00  140   0  8 0 0  0  0 |  4.222e+15  5.912e+18          0  5.747e+20     0 skipped,shrunk -
 332  1  2.000e+18         0  486  552 CRUISE 3 184   8  64   2  416 | 140.00  140   0  8 0 0  0  0 |  4.222e+15  5.927e+18          0  5.767e+20     0 skipped,shrunk -
 333  1  2.000e+18         0  486  552 CRUISE 3 184   8  64   2  416 | 140.00  140   0  8 0 0  0  0 |  4.222e+15  5.943e+18          0  5.787e+20     0 skipped,shrunk -
 334  1  2.000e+18         0  486  552 CRUISE 3 184   8  64   2  416 | 140.00  140   0  8 0 0  0  0 |  4.222e+15  5.959e+18          0  5.807e+20     0 skipped,shrunk -
 335  1  2.000e+18         0  486  552 CRUISE 3 184   8  64   2  416 | 140.00  140   0  8 0 0  0  0 |  4.222e+15  5.974e+18          0  5.827e+20     0 skipped,shrunk -
 336  1  2.000e+18         0  486  552 CRUISE 3 184   8  64   2  416 | 140.00  140   0  8 0 0  0  0 |  4.222e+15  5.990e+18          0  5.847e+20     0 skipped,shrunk -
 337  1  2.000e+18         0  486  552 CRUISE 3 184   8  64   2  416 | 140.00  140   0  8 0 0  0  0 |  4.222e+15  6.005e+18          0  5.867e+20     0 skipped,shrunk -
 338  1  2.000e+18         0  486  552 CRUISE 3 184   8  64   2  416 | 140.00  140   0  8 0 0  0  0 |  4.222e+15  6.021e+18          0  5.887e+20     0 skipped,shrunk -
 339  1  2.000e+18         0  486  552 CRUISE 3 184   8  64   2  416 | 140.00  140   0  8 0 0  0  0 |  4.222e+15  6.037e+18          0  5.907e+20     0 skipped,shrunk -
 340  1  2.000e+18         0  486  553 CRUISE 3 184   8  64   2  416 | 140.00  140   0  8 0 0  0  0 |  4.222e+15  6.052e+18          0  5.927e+20     0 skipped,shrunk -
 341  1  2.000e+18         0  486  553 CRUISE 3 184   8  64   2  416 | 140.00  140   0  8 0 0  0  0 |  4.222e+15  6.068e+18          0  5.947e+20     0 skipped,shrunk -
 342  1  2.000e+18         0  486  553 CRUISE 3 184   8  64   2  416 | 140.00  140   0  8 0 0  0  0 |  4.222e+15  6.083e+18          0  5.967e+20     0 skipped,shrunk -
 343  1  2.000e+18         0  486  553 CRUISE 3 184   8  64   2  416 | 140.00  140   0  8 0 0  0  0 |  4.222e+15  6.099e+18          0  5.987e+20     0 skipped,shrunk -
 344  1  2.000e+18         0  486  553 CRUISE 3 184   8  64   2  416 | 140.00  140   0  8 0 0  0  0 |  4.222e+15  6.115e+18          0  6.007e+20     0 skipped,shrunk -
 345  1  2.000e+18         0  486  553 CRUISE 3 184   8  64   2  416 | 140.00  140   0  8 0 0  0  0 |  4.222e+15  6.130e+18          0  6.027e+20     0 skipped,shrunk -
 346  1  2.000e+18         0  486  553 CRUISE 3 184   8  64   2  416 | 140.00  140   0  8 0 0  0  0 |  4.222e+15  6.146e+18          0  6.047e+20     0 skipped,shrunk -
 347  1  2.000e+18         0  486  553 CRUISE 3 184   8  64   2  416 | 140.00  140   0  8 0 0  0  0 |  4.222e+15  6.161e+18          0  6.066e+20     0 skipped,shrunk -
 348  1  2.000e+18         0  486  553 CRUISE 3 184   8  64   2  416 | 140.00  140   0  8 0 0  0  0 |  4.222e+15  6.177e+18          0  6.086e+20     0 skipped,shrunk -
 349  1  2.000e+18         0  486  553 CRUISE 3 184   8  64   2  416 | 140.00  140   0  8 0 0  0  0 |  4.222e+15  6.193e+18          0  6.106e+20     0 skipped,shrunk -
 350  1  2.000e+18         0  486  553 CRUISE 3 184   8  64   2  416 | 140.00  140   0  8 0 0  0  0 |  4.222e+15  6.208e+18          0  6.126e+20     0 skipped,shrunk -
 351  1  2.000e+18         0  486  553 CRUISE 3 184   8  64   2  416 | 140.00  140   0  8 0 0  0  0 |  4.222e+15  6.224e+18          0  6.146e+20     0 skipped,shrunk -
 352  1  2.000e+18         0  486  553 CRUISE 3 184   8  64   2  416 | 140.00  140   0  8 0 0  0  0 |  4.222e+15  6.239e+18          0  6.166e+20     0 skipped,shrunk -
 353  1  2.000e+18         0  486  553 CRUISE 3 184   8  64   2  416 | 140.00  140   0  8 0 0  0  0 |  4.222e+15  6.255e+18          0  6.186e+20     0 skipped,shrunk -
 354  1  2.000e+18         0  486  553 CRUISE 3 184   8  64   2  416 | 140.00  140   0  8 0 0  0  0 |  4.222e+15  6.271e+18          0  6.206e+20     0 skipped,shrunk -
 355  1  2.000e+18         0  486  553 CRUISE 3 184   8  64   2  416 | 140.00  140   0  8 0 0  0  0 |  4.222e+15  6.286e+18          0  6.226e+20     0 skipped,shrunk -
 356  1  2.000e+18         0  486  553 CRUISE 3 184   8  64   2  416 | 140.00  140   0  8 0 0  0  0 |  4.222e+15  6.302e+18          0  6.246e+20     0 skipped,shrunk -
 357  1  2.000e+18         0  486  553 CRUISE 3 184   8  64   2  416 | 140.00  140   0  8 0 0  0  0 |  4.222e+15  6.317e+18          0  6.266e+20     0 skipped,shrunk -
 358  1  2.000e+18         0  486  553 CRUISE 3 184   8  64   2  416 | 140.00  140   0  8 0 0  0  0 |  4.222e+15  6.333e+18          0  6.286e+20     0 skipped,shrunk -
 359  1  2.000e+18         0  486  553 CRUISE 3 184   8  64   2  416 | 140.00  140   0  8 0 0  0  0 |  4.222e+15  6.348e+18          0  6.306e+20     0 skipped,shrunk -
 360  1  2.000e+18         0  486  553 CRUISE 3 184   8  64   2  416 | 140.00  140   0  8 0 0  0  0 |  4.222e+15  6.364e+18          0  6.326e+20     0 skipped,shrunk -
 361  1  2.000e+18         0  486  553 CRUISE 3 184   8  64   2  416 | 140.00  140   0  8 0 0  0  0 |  4.222e+15  6.380e+18          0  6.346e+20     0 skipped,shrunk -
 362  1  2.000e+18         0  486  553 CRUISE 3 184   8  64   2  416 | 140.00  140   0  8 0 0  0  0 |  4.222e+15  6.395e+18          0  6.366e+20     0 skipped,shrunk -
 363  1  2.000e+18         0  486  553 CRUISE 3 184   8  64   2  416 | 140.00  140   0  8 0 0  0  0 |  4.222e+15  6.411e+18          0  6.386e+20     0 skipped,shrunk -
 364  1  2.000e+18         0  486  553 CRUISE 3 184   8  64   2  416 | 140.00  140   0  8 0 0  0  0 |  4.222e+15  6.426e+18          0  6.406e+20     0 skipped,shrunk -
 365  1  2.000e+18         0  486  553 CRUISE 3 184   8  64   2  416 | 140.00  140   0  8 0 0  0  0 |  4.222e+15  6.442e+18          0  6.426e+20     0 skipped,shrunk -
 366  1  2.000e+18         0  486  553 CRUISE 3 184   8  64   2  416 | 140.00  140   0  8 0 0  0  0 |  4.222e+15  6.458e+18          0  6.446e+20     0 skipped,shrunk -
 367  1  2.000e+18         0  486  553 CRUISE 3 184   8  64   2  416 | 140.00  140   0  8 0 0  0  0 |  4.222e+15  6.473e+18          0  6.466e+20     0 skipped,shrunk -
 368  1  2.000e+18         0  486  553 CRUISE 3 184   8  64   2  416 | 140.00  140   0  8 0 0  0  0 |  4.222e+15  6.489e+18          0  6.486e+20     0 skipped,shrunk -
 369  1  2.000e+18         0  486  553 CRUISE 3 184   8  64   2  416 | 140.00  140   0  8 0 0  0  0 |  4.222e+15  6.504e+18          0  6.506e+20     0 skipped,shrunk -
 370  1  2.000e+18         0  486  553 CRUISE 3 184   8  64   2  416 | 140.00  140   0  8 0 0  0  0 |  4.222e+15  6.520e+18          0  6.526e+20     0 skipped,shrunk -
 371  1  2.000e+18         0  486  553 CRUISE 3 184   8  64   2  416 | 140.00  140   0  8 0 0  0  0 |  4.222e+15  6.536e+18          0  6.545e+20     0 skipped,shrunk -
 372  1  2.000e+18         0  486  553 CRUISE 3 184   8  64   2  416 | 140.00  140   0  8 0 0  0  0 |  4.222e+15  6.551e+18          0  6.565e+20     0 skipped,shrunk -
 373  1  2.000e+18         0  486  553 CRUISE 3 184   8  64   2  416 | 140.00  140   0  8 0 0  0  0 |  4.222e+15  6.567e+18          0  6.585e+20     0 skipped,shrunk -
 374  1  2.000e+18         0  486  553 CRUISE 3 184   8  64   2  416 | 140.00  140   0  8 0 0  0  0 |  4.222e+15  6.582e+18          0  6.605e+20     0 skipped,shrunk -
 375  1  2.000e+18         0  486  553 CRUISE 3 184   8  64   2  416 | 140.00  140   0  8 0 0  0  0 |  4.222e+15  6.598e+18          0  6.625e+20     0 skipped,shrunk -
 376  1  2.000e+18         0  486  553 CRUISE 3 184   8  64   2  416 | 140.00  140   0  8 0 0  0  0 |  4.222e+15  6.614e+18          0  6.645e+20     0 skipped,shrunk -
 377  1  2.000e+18         0  486  554 CRUISE 3 184   8  64   2  416 | 140.00  140   0  8 0 0  0  0 |  4.222e+15  6.629e+18          0  6.665e+20     0 skipped,shrunk -
 378  1  2.000e+18         0  486  554 CRUISE 3 184   8  64   2  416 | 140.00  140   0  8 0 0  0  0 |  4.222e+15  6.645e+18          0  6.685e+20     0 skipped,shrunk -
 379  1  2.000e+18         0  486  554 CRUISE 3 184   8  64   2  416 | 140.00  140   0  8 0 0  0  0 |  4.222e+15  6.660e+18          0  6.705e+20     0 skipped,shrunk -
 380  1  2.000e+18         0  486  554 CRUISE 3 184   8  64   2  416 | 140.00  140   0  8 0 0  0  0 |  4.222e+15  6.676e+18          0  6.725e+20     0 skipped,shrunk -
 381  1  2.000e+18         0  486  554 CRUISE 3 184   8  64   2  416 | 140.00  140   0  8 0 0  0  0 |  4.222e+15  6.691e+18          0  6.745e+20     0 skipped,shrunk -
 382  1  2.000e+18         0  486  554 CRUISE 3 184   8  64   2  416 | 140.00  140   0  8 0 0  0  0 |  4.222e+15  6.707e+18          0  6.765e+20     0 skipped,shrunk -
 383  1  2.000e+18         0  486  554 CRUISE 3 184   8  64   2  416 | 140.00  140   0  8 0 0  0  0 |  4.222e+15  6.723e+18          0  6.785e+20     0 skipped,shrunk -
 384  1  2.000e+18         0  486  554 CRUISE 3 184   8  64   2  416 | 140.00  140   0  8 0 0  0  0 |  4.222e+15  6.738e+18          0  6.805e+20     0 skipped,shrunk -
 385  1  2.000e+18         0  486  554 CRUISE 3 184   8  64   2  416 | 140.00  140   0  8 0 0  0  0 |  4.222e+15  6.754e+18          0  6.825e+20     0 skipped,shrunk -
 386  1  2.000e+18         0  486  554 CRUISE 3 184   8  64   2  416 | 140.00  140   0  8 0 0  0  0 |  4.222e+15  6.769e+18          0  6.845e+20     0 skipped,shrunk -
 387  1  2.000e+18         0  486  554 CRUISE 3 184   8  64   2  416 | 140.00  140   0  8 0 0  0  0 |  4.222e+15  6.785e+18          0  6.865e+20     0 skipped,shrunk -
 388  1  2.000e+18         0  486  554 CRUISE 3 184   8  64   2  416 | 140.00  140   0  8 0 0  0  0 |  4.222e+15  6.801e+18          0  6.885e+20     0 skipped,shrunk -
 389  1  2.000e+18         0  486  554 CRUISE 3 184   8  64   2  416 | 140.00  140   0  8 0 0  0  0 |  4.222e+15  6.816e+18          0  6.905e+20     0 skipped,shrunk -
 390  1  2.000e+18         0  486  554 CRUISE 3 184   8  64   2  416 | 140.00  140   0  8 0 0  0  0 |  4.222e+15  6.832e+18          0  6.925e+20     0 skipped,shrunk -
 391  1  2.000e+18         0  486  554 CRUISE 3 184   8  64   2  416 | 140.00  140   0  8 0 0  0  0 |  4.222e+15  6.847e+18          0  6.945e+20     0 skipped,shrunk -
 392  1  2.000e+18         0  486  554 CRUISE 3 184   8  64   2  416 | 140.00  140   0  8 0 0  0  0 |  4.222e+15  6.863e+18          0  6.965e+20     0 skipped,shrunk -
 393  1  2.000e+18         0  486  554 CRUISE 3 184   8  64   2  416 | 140.00  140   0  8 0 0  0  0 |  4.222e+15  6.879e+18          0  6.985e+20     0 skipped,shrunk -
 394  1  2.000e+18         0  486  554 CRUISE 3 184   8  64   2  416 | 140.00  140   0  8 0 0  0  0 |  4.222e+15  6.894e+18          0  7.005e+20     0 skipped,shrunk -
 395  1  2.000e+18         0  486  554 CRUISE 3 184   8  64   2  416 | 140.00  140   0  8 0 0  0  0 |  4.222e+15  6.910e+18          0  7.024e+20     0 skipped,shrunk -
 396  1  2.000e+18         0  486  554 CRUISE 3 184   8  64   2  416 | 140.00  140   0  8 0 0  0  0 |  4.222e+15  6.925e+18          0  7.044e+20     0 skipped,shrunk -
 397  1  2.000e+18         0  486  554 CRUISE 3 184   8  64   2  416 | 140.00  140   0  8 0 0  0  0 |  4.222e+15  6.941e+18          0  7.064e+20     0 skipped,shrunk -
 398  1  2.000e+18         0  486  554 CRUISE 3 184   8  64   2  416 | 140.00  140   0  8 0 0  0  0 |  4.222e+15  6.957e+18          0  7.084e+20     0 skipped,shrunk -
 399  1  2.000e+18         0  486  554 CRUISE 3 184   8  64   2  416 | 140.00  140   0  8 0 0  0  0 |  4.222e+15  6.972e+18          0  7.104e+20     0 skipped,shrunk -
 400  1  2.000e+18         0  486  554 CRUISE 3 184   8  64   2  416 | 140.00  140   0  8 0 0  0  0 |  4.222e+15  6.988e+18          0  7.124e+20     0 skipped,shrunk -

steady-large           ep  400 settles  400  in 8.000e+20  allow   0.2%  bought  10.7%  left  89.1%  maxRes 356.2 ep  tier 3  clamp 0  {'CRUISE': 400}  [echo 0.3%; buys shrunk 400 skipped 315; curve end reached at epoch 86]
