A $1 buy every epoch (2.5e14 wei of tax).

  ep dt     inflow  TAX  RES   mode T buy alw res REL CEIL |      A   PK  dd LV W S CD TR |      allow     bought    reserve clamp flags
----------------------------------------------------------------------------------------------------------------------------------------
   1  1  2.500e+14  383    0 CRUISE 0 144  48  64   2  440 |  37.00   37   0  8 3 0  0  0 |  4.688e+13  1.406e+14  6.250e+13     0 warm
   2  1  2.500e+14  383  367 CRUISE 0 144  48  64   2  440 |  37.00   37   0  8 2 0  0  0 |  4.688e+13  1.411e+14  1.245e+14     0 warm
   3  1  2.500e+14  383  375 CRUISE 0 144  48  64   2  440 |  37.00   37   0  8 1 0  0  0 |  4.688e+13  1.416e+14  1.860e+14     0 warm
   4  1  2.500e+14  383  379 CRUISE 0 144  48  64   2  440 |  37.00   37   0  8 0 0  0  0 |  4.688e+13  1.421e+14  2.471e+14     0 warm
   5  1  2.500e+14  383  383 CRUISE 0 144  48  64   2  440 |  37.00   37   0  8 0 0  0  0 |  4.688e+13  1.426e+14  3.077e+14     0 -
   6  1  2.500e+14  383  385 CRUISE 0 144  48  64   2  440 |  37.00   37   0  8 0 0  0  0 |  4.688e+13  1.430e+14  3.678e+14     0 -
   7  1  2.500e+14  383  387 CRUISE 0 144  48  64   2  440 |  37.00   37   0  8 0 0  0  0 |  4.688e+13  1.435e+14  4.274e+14     0 -
   8  1  2.500e+14  383  389 CRUISE 0 144  48  64   2  440 |  37.00   37   0  8 0 0  0  0 |  4.688e+13  1.440e+14  4.865e+14     0 -
   9  1  2.500e+14  383  390 CRUISE 0 144  48  64   2  440 |  37.00   37   0  8 0 0  0  0 |  4.688e+13  1.444e+14  5.452e+14     0 -
  10  1  2.500e+14  383  392 CRUISE 0 144  48  64   2  440 |  37.00   37   0  8 0 0  0  0 |  4.688e+13  1.449e+14  6.035e+14     0 -
  11  1  2.500e+14  383  393 CRUISE 0 144  48  64   2  440 |  37.00   37   0  8 0 0  0  0 |  4.688e+13  1.453e+14  6.613e+14     0 -
  12  1  2.500e+14  383  394 CRUISE 0 144  48  64   2  440 |  37.00   37   0  8 0 0  0  0 |  4.688e+13  1.458e+14  7.186e+14     0 -
  13  1  2.500e+14  383  395 CRUISE 0 144  48  64   2  440 |  37.00   37   0  8 0 0  0  0 |  4.688e+13  1.462e+14  7.755e+14     0 -
  14  1  2.500e+14  383  396 CRUISE 0 144  48  64   2  440 |  37.00   37   0  8 0 0  0  0 |  4.688e+13  1.467e+14  8.319e+14     0 -
  15  1  2.500e+14  383  396 CRUISE 0 144  48  64   2  440 |  37.00   37   0  8 0 0  0  0 |  4.688e+13  1.471e+14  8.879e+14     0 -
  16  1  2.500e+14  383  397 CRUISE 0 144  48  64   2  440 |  37.00   37   0  8 0 0  0  0 |  4.688e+13  1.476e+14  9.435e+14     0 -
  17  1  2.500e+14  383  398 CRUISE 0 144  48  64   2  440 |  37.00   37   0  8 0 0  0  0 |  4.688e+13  1.480e+14  9.986e+14     0 -
  18  1  2.500e+14  383  399 CRUISE 0 144  48  64   2  440 |  37.00   37   0  8 0 0  0  0 |  4.688e+13  1.484e+14  1.053e+15     0 -
  19  1  2.500e+14  383  399 CRUISE 0 144  48  64   2  440 |  37.00   37   0  8 0 0  0  0 |  4.688e+13  1.489e+14  1.108e+15     0 -
  20  1  2.500e+14  383  400 CRUISE 0 144  48  64   2  440 |  37.00   37   0  8 0 0  0  0 |  4.688e+13  1.493e+14  1.161e+15     0 -
  21  1  2.500e+14  383  401 CRUISE 0 144  48  64   2  440 |  37.00   37   0  8 0 0  0  0 |  4.688e+13  1.497e+14  1.215e+15     0 -
  22  1  2.500e+14  383  401 CRUISE 0 144  48  64   2  440 |  37.00   37   0  8 0 0  0  0 |  4.688e+13  1.501e+14  1.268e+15     0 -
  23  1  2.500e+14  383  402 CRUISE 0 144  48  64   2  440 |  37.00   37   0  8 0 0  0  0 |  4.688e+13  1.505e+14  1.320e+15     0 -
  24  1  2.500e+14  383  402 CRUISE 0 144  48  64   2  440 |  37.00   37   0  8 0 0  0  0 |  4.688e+13  1.509e+14  1.373e+15     0 -
  25  1  2.500e+14  383  402 CRUISE 0 144  48  64   2  440 |  37.00   37   0  8 0 0  0  0 |  4.688e+13  1.513e+14  1.424e+15     0 -
  26  1  2.500e+14  383  403 CRUISE 0 144  48  64   2  440 |  37.00   37   0  8 0 0  0  0 |  4.688e+13  1.518e+14  1.476e+15     0 -
  27  1  2.500e+14  383  403 CRUISE 0 144  48  64   2  440 |  37.00   37   0  8 0 0  0  0 |  4.688e+13  1.522e+14  1.527e+15     0 -
  28  1  2.500e+14  383  403 CRUISE 0 144  48  64   2  440 |  37.00   37   0  8 0 0  0  0 |  4.688e+13  1.526e+14  1.577e+15     0 -
  29  1  2.500e+14  383  404 CRUISE 0 144  48  64   2  440 |  37.00   37   0  8 0 0  0  0 |  4.688e+13  1.529e+14  1.628e+15     0 -
  30  1  2.500e+14  383  404 CRUISE 0 144  48  64   2  440 |  37.00   37   0  8 0 0  0  0 |  4.688e+13  1.533e+14  1.677e+15     0 -
  31  1  2.500e+14  383  404 CRUISE 0 144  48  64   2  440 |  37.00   37   0  8 0 0  0  0 |  4.688e+13  1.537e+14  1.727e+15     0 -
  32  1  2.500e+14  383  405 CRUISE 0 144  48  64   2  440 |  37.00   37   0  8 0 0  0  0 |  4.688e+13  1.541e+14  1.776e+15     0 -
  33  1  2.500e+14  383  405 CRUISE 0 144  48  64   2  440 |  37.00   37   0  8 0 0  0  0 |  4.688e+13  1.545e+14  1.824e+15     0 -
  34  1  2.500e+14  383  405 CRUISE 0 144  48  64   2  440 |  37.00   37   0  8 0 0  0  0 |  4.688e+13  1.549e+14  1.873e+15     0 -
  35  1  2.500e+14  383  406 CRUISE 0 144  48  64   2  440 |  37.00   37   0  8 0 0  0  0 |  4.688e+13  1.553e+14  1.920e+15     0 -
  36  1  2.500e+14  383  406 CRUISE 0 144  48  64   2  440 |  37.00   37   0  8 0 0  0  0 |  4.688e+13  1.556e+14  1.968e+15     0 -
  37  1  2.500e+14  383  406 CRUISE 1 160  32  64   2  432 |  37.00   37   0  8 0 0  0  0 |  3.125e+13  1.716e+14  2.015e+15     0 tierup
  38  1  2.500e+14  383  407 CRUISE 1 160  32  64   2  432 |  37.00   37   0  8 0 0  0  0 |  3.125e+13  1.720e+14  2.062e+15     0 -
  39  1  2.500e+14  383  407 CRUISE 1 160  32  64   2  432 |  37.00   37   0  8 0 0  0  0 |  3.125e+13  1.724e+14  2.108e+15     0 -
  40  1  2.500e+14  383  407 CRUISE 1 160  32  64   2  432 |  37.00   37   0  8 0 0  0  0 |  3.125e+13  1.727e+14  2.154e+15     0 -
  41  1  2.500e+14  383  408 CRUISE 1 160  32  64   2  432 |  37.00   37   0  8 0 0  0  0 |  3.125e+13  1.731e+14  2.200e+15     0 -
  42  1  2.500e+14  383  408 CRUISE 1 160  32  64   2  432 |  37.00   37   0  8 0 0  0  0 |  3.125e+13  1.734e+14  2.245e+15     0 -
  43  1  2.500e+14  383  408 CRUISE 1 160  32  64   2  432 |  37.00   37   0  8 0 0  0  0 |  3.125e+13  1.738e+14  2.290e+15     0 -
  44  1  2.500e+14  383  409 CRUISE 1 160  32  64   2  432 |  37.00   37   0  8 0 0  0  0 |  3.125e+13  1.741e+14  2.335e+15     0 -
  45  1  2.500e+14  383  409 CRUISE 1 160  32  64   2  432 |  37.00   37   0  8 0 0  0  0 |  3.125e+13  1.745e+14  2.379e+15     0 -
  46  1  2.500e+14  383  409 CRUISE 1 160  32  64   2  432 |  37.00   37   0  8 0 0  0  0 |  3.125e+13  1.748e+14  2.423e+15     0 -
  47  1  2.500e+14  383  409 CRUISE 1 160  32  64   2  432 |  37.00   37   0  8 0 0  0  0 |  3.125e+13  1.752e+14  2.467e+15     0 -
  48  1  2.500e+14  383  409 CRUISE 1 160  32  64   2  432 |  37.00   37   0  8 0 0  0  0 |  3.125e+13  1.755e+14  2.510e+15     0 -
  49  1  2.500e+14  383  409 CRUISE 1 160  32  64   2  432 |  37.00   37   0  8 0 0  0  0 |  3.125e+13  1.759e+14  2.553e+15     0 -
  50  1  2.500e+14  383  410 CRUISE 1 160  32  64   2  432 |  37.00   37   0  8 0 0  0  0 |  3.125e+13  1.762e+14  2.595e+15     0 -
  51  1  2.500e+14  383  410 CRUISE 1 160  32  64   2  432 |  37.00   37   0  8 0 0  0  0 |  3.125e+13  1.765e+14  2.637e+15     0 -
  52  1  2.500e+14  383  410 CRUISE 1 160  32  64   2  432 |  37.00   37   0  8 0 0  0  0 |  3.125e+13  1.769e+14  2.679e+15     0 -
  53  1  2.500e+14  383  410 CRUISE 1 160  32  64   2  432 |  37.00   37   0  8 0 0  0  0 |  3.125e+13  1.772e+14  2.721e+15     0 -
  54  1  2.500e+14  383  410 CRUISE 1 160  32  64   2  432 |  37.00   37   0  8 0 0  0  0 |  3.125e+13  1.775e+14  2.762e+15     0 -
  55  1  2.500e+14  383  410 CRUISE 1 160  32  64   2  432 |  37.00   37   0  8 0 0  0  0 |  3.125e+13  1.778e+14  2.803e+15     0 -
  56  1  2.500e+14  383  410 CRUISE 1 160  32  64   2  432 |  37.00   37   0  8 0 0  0  0 |  3.125e+13  1.781e+14  2.844e+15     0 -
  57  1  2.500e+14  383  411 CRUISE 1 160  32  64   2  432 |  37.00   37   0  8 0 0  0  0 |  3.125e+13  1.785e+14  2.884e+15     0 -
  58  1  2.500e+14  383  411 CRUISE 1 160  32  64   2  432 |  37.00   37   0  8 0 0  0  0 |  3.125e+13  1.788e+14  2.924e+15     0 -
  59  1  2.500e+14  383  411 CRUISE 1 160  32  64   2  432 |  37.00   37   0  8 0 0  0  0 |  3.125e+13  1.791e+14  2.964e+15     0 -
  60  1  2.500e+14  383  411 CRUISE 1 160  32  64   2  432 |  37.00   37   0  8 0 0  0  0 |  3.125e+13  1.794e+14  3.003e+15     0 -
  61  1  2.500e+14  383  411 CRUISE 1 160  32  64   2  432 |  37.00   37   0  8 0 0  0  0 |  3.125e+13  1.797e+14  3.042e+15     0 -
  62  1  2.500e+14  383  411 CRUISE 1 160  32  64   2  432 |  37.00   37   0  8 0 0  0  0 |  3.125e+13  1.800e+14  3.081e+15     0 -
  63  1  2.500e+14  383  411 CRUISE 1 160  32  64   2  432 |  37.00   37   0  8 0 0  0  0 |  3.125e+13  1.803e+14  3.119e+15     0 -
  64  1  2.500e+14  383  412 CRUISE 1 160  32  64   2  432 |  37.00   37   0  8 0 0  0  0 |  3.125e+13  1.806e+14  3.157e+15     0 -
  65  1  2.500e+14  383  412 CRUISE 1 160  32  64   2  432 |  37.00   37   0  8 0 0  0  0 |  3.125e+13  1.809e+14  3.195e+15     0 -
  66  1  2.500e+14  383  412 CRUISE 1 160  32  64   2  432 |  37.00   37   0  8 0 0  0  0 |  3.125e+13  1.812e+14  3.233e+15     0 -
  67  1  2.500e+14  383  412 CRUISE 1 160  32  64   2  432 |  37.00   37   0  8 0 0  0  0 |  3.125e+13  1.815e+14  3.270e+15     0 -
  68  1  2.500e+14  383  412 CRUISE 1 160  32  64   2  432 |  37.00   37   0  8 0 0  0  0 |  3.125e+13  1.818e+14  3.307e+15     0 -
  69  1  2.500e+14  383  412 CRUISE 1 160  32  64   2  432 |  37.00   37   0  8 0 0  0  0 |  3.125e+13  1.821e+14  3.344e+15     0 -
  70  1  2.500e+14  383  412 CRUISE 1 160  32  64   2  432 |  37.00   37   0  8 0 0  0  0 |  3.125e+13  1.824e+14  3.380e+15     0 -
  71  1  2.500e+14  383  413 CRUISE 1 160  32  64   2  432 |  37.00   37   0  8 0 0  0  0 |  3.125e+13  1.827e+14  3.416e+15     0 -
  72  1  2.500e+14  383  413 CRUISE 1 160  32  64   2  432 |  37.00   37   0  8 0 0  0  0 |  3.125e+13  1.829e+14  3.452e+15     0 -
  73  1  2.500e+14  383  413 CRUISE 1 160  32  64   2  432 |  37.00   37   0  8 0 0  0  0 |  3.125e+13  1.832e+14  3.487e+15     0 -
  74  1  2.500e+14  383  413 CRUISE 1 160  32  64   2  432 |  37.00   37   0  8 0 0  0  0 |  3.125e+13  1.835e+14  3.523e+15     0 -
  75  1  2.500e+14  383  413 CRUISE 1 160  32  64   2  432 |  37.00   37   0  8 0 0  0  0 |  3.125e+13  1.838e+14  3.558e+15     0 -
  76  1  2.500e+14  383  413 CRUISE 1 160  32  64   2  432 |  37.00   37   0  8 0 0  0  0 |  3.125e+13  1.840e+14  3.592e+15     0 -
  77  1  2.500e+14  383  413 CRUISE 1 160  32  64   2  432 |  37.00   37   0  8 0 0  0  0 |  3.125e+13  1.843e+14  3.627e+15     0 -
  78  1  2.500e+14  383  413 CRUISE 1 160  32  64   2  432 |  37.00   37   0  8 0 0  0  0 |  3.125e+13  1.846e+14  3.661e+15     0 -
  79  1  2.500e+14  383  414 CRUISE 1 160  32  64   2  432 |  37.00   37   0  8 0 0  0  0 |  3.125e+13  1.849e+14  3.695e+15     0 -
  80  1  2.500e+14  383  414 CRUISE 1 160  32  64   2  432 |  37.00   37   0  8 0 0  0  0 |  3.125e+13  1.851e+14  3.728e+15     0 -
  81  1  2.500e+14  383  414 CRUISE 1 160  32  64   2  432 |  37.00   37   0  8 0 0  0  0 |  3.125e+13  1.854e+14  3.762e+15     0 -
  82  1  2.500e+14  383  414 CRUISE 1 160  32  64   2  432 |  37.00   37   0  8 0 0  0  0 |  3.125e+13  1.856e+14  3.795e+15     0 -
  83  1  2.500e+14  383  414 CRUISE 1 160  32  64   2  432 |  37.00   37   0  8 0 0  0  0 |  3.125e+13  1.859e+14  3.828e+15     0 -
  84  1  2.500e+14  383  414 CRUISE 1 160  32  64   2  432 |  37.00   37   0  8 0 0  0  0 |  3.125e+13  1.862e+14  3.860e+15     0 -
  85  1  2.500e+14  383  414 CRUISE 1 160  32  64   2  432 |  37.00   37   0  8 0 0  0  0 |  3.125e+13  1.864e+14  3.893e+15     0 -
  86  1  2.500e+14  383  414 CRUISE 1 160  32  64   2  432 |  37.00   37   0  8 0 0  0  0 |  3.125e+13  1.867e+14  3.925e+15     0 -
  87  1  2.500e+14  383  414 CRUISE 1 160  32  64   2  432 |  37.00   37   0  8 0 0  0  0 |  3.125e+13  1.869e+14  3.957e+15     0 -
  88  1  2.500e+14  383  415 CRUISE 1 160  32  64   2  432 |  37.00   37   0  8 0 0  0  0 |  3.125e+13  1.872e+14  3.988e+15     0 -
  89  1  2.500e+14  383  415 CRUISE 1 160  32  64   2  432 |  37.00   37   0  8 0 0  0  0 |  3.125e+13  1.874e+14  4.020e+15     0 -
  90  1  2.500e+14  383  415 CRUISE 1 160  32  64   2  432 |  37.00   37   0  8 0 0  0  0 |  3.125e+13  1.877e+14  4.051e+15     0 -
  91  1  2.500e+14  383  415 CRUISE 1 160  32  64   2  432 |  37.00   37   0  8 0 0  0  0 |  3.125e+13  1.879e+14  4.081e+15     0 -
  92  1  2.500e+14  383  415 CRUISE 1 160  32  64   2  432 |  37.00   37   0  8 0 0  0  0 |  3.125e+13  1.881e+14  4.112e+15     0 -
  93  1  2.500e+14  383  415 CRUISE 1 160  32  64   2  432 |  37.00   37   0  8 0 0  0  0 |  3.125e+13  1.884e+14  4.142e+15     0 -
  94  1  2.500e+14  383  415 CRUISE 1 160  32  64   2  432 |  37.00   37   0  8 0 0  0  0 |  3.125e+13  1.886e+14  4.173e+15     0 -
  95  1  2.500e+14  383  415 CRUISE 1 160  32  64   2  432 |  37.00   37   0  8 0 0  0  0 |  3.125e+13  1.888e+14  4.203e+15     0 -
  96  1  2.500e+14  383  415 CRUISE 1 160  32  64   2  432 |  37.00   37   0  8 0 0  0  0 |  3.125e+13  1.891e+14  4.232e+15     0 -
  97  1  2.500e+14  383  416 CRUISE 1 160  32  64   2  432 |  37.00   37   0  8 0 0  0  0 |  3.125e+13  1.893e+14  4.262e+15     0 -
  98  1  2.500e+14  383  416 CRUISE 1 160  32  64   2  432 |  37.00   37   0  8 0 0  0  0 |  3.125e+13  1.895e+14  4.291e+15     0 -
  99  1  2.500e+14  383  416 CRUISE 1 160  32  64   2  432 |  37.00   37   0  8 0 0  0  0 |  3.125e+13  1.898e+14  4.320e+15     0 -
 100  1  2.500e+14  383  416 CRUISE 1 160  32  64   2  432 |  37.00   37   0  8 0 0  0  0 |  3.125e+13  1.900e+14  4.349e+15     0 -
 101  1  2.500e+14  383  416 CRUISE 1 160  32  64   2  432 |  37.00   37   0  8 0 0  0  0 |  3.125e+13  1.902e+14  4.377e+15     0 -
 102  1  2.500e+14  383  416 CRUISE 1 160  32  64   2  432 |  37.00   37   0  8 0 0  0  0 |  3.125e+13  1.904e+14  4.405e+15     0 -
 103  1  2.500e+14  383  416 CRUISE 1 160  32  64   2  432 |  37.00   37   0  8 0 0  0  0 |  3.125e+13  1.907e+14  4.433e+15     0 -
 104  1  2.500e+14  383  416 CRUISE 1 160  32  64   2  432 |  37.00   37   0  8 0 0  0  0 |  3.125e+13  1.909e+14  4.461e+15     0 -
 105  1  2.500e+14  383  416 CRUISE 1 160  32  64   2  432 |  37.00   37   0  8 0 0  0  0 |  3.125e+13  1.911e+14  4.489e+15     0 -
 106  1  2.500e+14  383  416 CRUISE 1 160  32  64   2  432 |  37.00   37   0  8 0 0  0  0 |  3.125e+13  1.913e+14  4.516e+15     0 -
 107  1  2.500e+14  383  417 CRUISE 1 160  32  64   2  432 |  37.00   37   0  8 0 0  0  0 |  3.125e+13  1.915e+14  4.544e+15     0 -
 108  1  2.500e+14  383  417 CRUISE 1 160  32  64   2  432 |  37.00   37   0  8 0 0  0  0 |  3.125e+13  1.917e+14  4.571e+15     0 -
 109  1  2.500e+14  383  417 CRUISE 1 160  32  64   2  432 |  37.00   37   0  8 0 0  0  0 |  3.125e+13  1.920e+14  4.597e+15     0 -
 110  1  2.500e+14  383  417 CRUISE 1 160  32  64   2  432 |  37.00   37   0  8 0 0  0  0 |  3.125e+13  1.922e+14  4.624e+15     0 -
 111  1  2.500e+14  383  417 CRUISE 1 160  32  64   2  432 |  37.00   37   0  8 0 0  0  0 |  3.125e+13  1.924e+14  4.650e+15     0 -
 112  1  2.500e+14  383  417 CRUISE 1 160  32  64   2  432 |  37.00   37   0  8 0 0  0  0 |  3.125e+13  1.926e+14  4.677e+15     0 -
 113  1  2.500e+14  383  417 CRUISE 1 160  32  64   2  432 |  37.00   37   0  8 0 0  0  0 |  3.125e+13  1.928e+14  4.703e+15     0 -
 114  1  2.500e+14  383  417 CRUISE 1 160  32  64   2  432 |  37.00   37   0  8 0 0  0  0 |  3.125e+13  1.930e+14  4.728e+15     0 -
 115  1  2.500e+14  383  417 CRUISE 1 160  32  64   2  432 |  37.00   37   0  8 0 0  0  0 |  3.125e+13  1.932e+14  4.754e+15     0 -
 116  1  2.500e+14  383  417 CRUISE 1 160  32  64   2  432 |  37.00   37   0  8 0 0  0  0 |  3.125e+13  1.934e+14  4.779e+15     0 -
 117  1  2.500e+14  383  417 CRUISE 1 160  32  64   2  432 |  37.00   37   0  8 0 0  0  0 |  3.125e+13  1.936e+14  4.804e+15     0 -
 118  1  2.500e+14  383  417 CRUISE 1 160  32  64   2  432 |  37.00   37   0  8 0 0  0  0 |  3.125e+13  1.938e+14  4.829e+15     0 -
 119  1  2.500e+14  383  417 CRUISE 1 160  32  64   2  432 |  37.00   37   0  8 0 0  0  0 |  3.125e+13  1.940e+14  4.854e+15     0 -
 120  1  2.500e+14  383  417 CRUISE 1 160  32  64   2  432 |  37.00   37   0  8 0 0  0  0 |  3.125e+13  1.942e+14  4.879e+15     0 -
 121  1  2.500e+14  383  417 CRUISE 1 160  32  64   2  432 |  37.00   37   0  8 0 0  0  0 |  3.125e+13  1.944e+14  4.903e+15     0 -
 122  1  2.500e+14  383  417 CRUISE 1 160  32  64   2  432 |  37.00   37   0  8 0 0  0  0 |  3.125e+13  1.946e+14  4.927e+15     0 -
 123  1  2.500e+14  383  417 CRUISE 1 160  32  64   2  432 |  37.00   37   0  8 0 0  0  0 |  3.125e+13  1.947e+14  4.951e+15     0 -
 124  1  2.500e+14  383  417 CRUISE 1 160  32  64   2  432 |  37.00   37   0  8 0 0  0  0 |  3.125e+13  1.949e+14  4.975e+15     0 -
 125  1  2.500e+14  383  417 CRUISE 1 160  32  64   2  432 |  37.00   37   0  8 0 0  0  0 |  3.125e+13  1.951e+14  4.999e+15     0 -
 126  1  2.500e+14  383  417 CRUISE 1 160  32  64   2  432 |  37.00   37   0  8 0 0  0  0 |  3.125e+13  1.953e+14  5.022e+15     0 -
 127  1  2.500e+14  383  417 CRUISE 1 160  32  64   2  432 |  37.00   37   0  8 0 0  0  0 |  3.125e+13  1.955e+14  5.045e+15     0 -
 128  1  2.500e+14  383  417 CRUISE 1 160  32  64   2  432 |  37.00   37   0  8 0 0  0  0 |  3.125e+13  1.957e+14  5.068e+15     0 -
 129  1  2.500e+14  383  418 CRUISE 1 160  32  64   2  432 |  37.00   37   0  8 0 0  0  0 |  3.125e+13  1.958e+14  5.091e+15     0 -
 130  1  2.500e+14  383  418 CRUISE 1 160  32  64   2  432 |  37.00   37   0  8 0 0  0  0 |  3.125e+13  1.960e+14  5.114e+15     0 -
 131  1  2.500e+14  383  418 CRUISE 1 160  32  64   2  432 |  37.00   37   0  8 0 0  0  0 |  3.125e+13  1.962e+14  5.137e+15     0 -
 132  1  2.500e+14  383  418 CRUISE 1 160  32  64   2  432 |  37.00   37   0  8 0 0  0  0 |  3.125e+13  1.964e+14  5.159e+15     0 -
 133  1  2.500e+14  383  418 CRUISE 1 160  32  64   2  432 |  37.00   37   0  8 0 0  0  0 |  3.125e+13  1.966e+14  5.181e+15     0 -
 134  1  2.500e+14  383  418 CRUISE 1 160  32  64   2  432 |  37.00   37   0  8 0 0  0  0 |  3.125e+13  1.967e+14  5.203e+15     0 -
 135  1  2.500e+14  383  418 CRUISE 1 160  32  64   2  432 |  37.00   37   0  8 0 0  0  0 |  3.125e+13  1.969e+14  5.225e+15     0 -
 136  1  2.500e+14  383  418 CRUISE 1 160  32  64   2  432 |  37.00   37   0  8 0 0  0  0 |  3.125e+13  1.971e+14  5.247e+15     0 -
 137  1  2.500e+14  383  418 CRUISE 1 160  32  64   2  432 |  37.00   37   0  8 0 0  0  0 |  3.125e+13  1.972e+14  5.268e+15     0 -
 138  1  2.500e+14  383  418 CRUISE 1 160  32  64   2  432 |  37.00   37   0  8 0 0  0  0 |  3.125e+13  1.974e+14  5.290e+15     0 -
 139  1  2.500e+14  383  418 CRUISE 1 160  32  64   2  432 |  37.00   37   0  8 0 0  0  0 |  3.125e+13  1.976e+14  5.311e+15     0 -
 140  1  2.500e+14  383  418 CRUISE 1 160  32  64   2  432 |  37.00   37   0  8 0 0  0  0 |  3.125e+13  1.977e+14  5.332e+15     0 -
 141  1  2.500e+14  383  418 CRUISE 1 160  32  64   2  432 |  37.00   37   0  8 0 0  0  0 |  3.125e+13  1.979e+14  5.353e+15     0 -
 142  1  2.500e+14  383  418 CRUISE 1 160  32  64   2  432 |  37.00   37   0  8 0 0  0  0 |  3.125e+13  1.981e+14  5.373e+15     0 -
 143  1  2.500e+14  383  418 CRUISE 1 160  32  64   2  432 |  37.00   37   0  8 0 0  0  0 |  3.125e+13  1.982e+14  5.394e+15     0 -
 144  1  2.500e+14  383  418 CRUISE 1 160  32  64   2  432 |  37.00   37   0  8 0 0  0  0 |  3.125e+13  1.984e+14  5.414e+15     0 -
 145  1  2.500e+14  383  418 CRUISE 1 160  32  64   2  432 |  37.00   37   0  8 0 0  0  0 |  3.125e+13  1.985e+14  5.434e+15     0 -
 146  1  2.500e+14  383  418 CRUISE 1 160  32  64   2  432 |  37.00   37   0  8 0 0  0  0 |  3.125e+13  1.987e+14  5.454e+15     0 -
 147  1  2.500e+14  383  418 CRUISE 1 160  32  64   2  432 |  37.00   37   0  8 0 0  0  0 |  3.125e+13  1.989e+14  5.474e+15     0 -
 148  1  2.500e+14  383  418 CRUISE 1 160  32  64   2  432 |  37.00   37   0  8 0 0  0  0 |  3.125e+13  1.990e+14  5.494e+15     0 -
 149  1  2.500e+14  383  418 CRUISE 1 160  32  64   2  432 |  37.00   37   0  8 0 0  0  0 |  3.125e+13  1.992e+14  5.514e+15     0 -
 150  1  2.500e+14  383  418 CRUISE 1 160  32  64   2  432 |  37.00   37   0  8 0 0  0  0 |  3.125e+13  1.993e+14  5.533e+15     0 -
 151  1  2.500e+14  383  418 CRUISE 1 160  32  64   2  432 |  37.00   37   0  8 0 0  0  0 |  3.125e+13  1.995e+14  5.552e+15     0 -
 152  1  2.500e+14  383  418 CRUISE 1 160  32  64   2  432 |  37.00   37   0  8 0 0  0  0 |  3.125e+13  1.996e+14  5.571e+15     0 -
 153  1  2.500e+14  383  418 CRUISE 1 160  32  64   2  432 |  37.00   37   0  8 0 0  0  0 |  3.125e+13  1.998e+14  5.590e+15     0 -
 154  1  2.500e+14  383  418 CRUISE 1 160  32  64   2  432 |  37.00   37   0  8 0 0  0  0 |  3.125e+13  1.999e+14  5.609e+15     0 -
 155  1  2.500e+14  383  418 CRUISE 1 160  32  64   2  432 |  37.00   37   0  8 0 0  0  0 |  3.125e+13  2.001e+14  5.628e+15     0 -
 156  1  2.500e+14  383  418 CRUISE 1 160  32  64   2  432 |  37.00   37   0  8 0 0  0  0 |  3.125e+13  2.002e+14  5.646e+15     0 -
 157  1  2.500e+14  383  419 CRUISE 1 160  32  64   2  432 |  37.00   37   0  8 0 0  0  0 |  3.125e+13  2.004e+14  5.665e+15     0 -
 158  1  2.500e+14  383  419 CRUISE 1 160  32  64   2  432 |  37.00   37   0  8 0 0  0  0 |  3.125e+13  2.005e+14  5.683e+15     0 -
 159  1  2.500e+14  383  419 CRUISE 1 160  32  64   2  432 |  37.00   37   0  8 0 0  0  0 |  3.125e+13  2.006e+14  5.701e+15     0 -
 160  1  2.500e+14  383  419 CRUISE 1 160  32  64   2  432 |  37.00   37   0  8 0 0  0  0 |  3.125e+13  2.008e+14  5.719e+15     0 -
 161  1  2.500e+14  383  419 CRUISE 1 160  32  64   2  432 |  37.00   37   0  8 0 0  0  0 |  3.125e+13  2.009e+14  5.737e+15     0 -
 162  1  2.500e+14  383  419 CRUISE 1 160  32  64   2  432 |  37.00   37   0  8 0 0  0  0 |  3.125e+13  2.011e+14  5.755e+15     0 -
 163  1  2.500e+14  383  419 CRUISE 1 160  32  64   2  432 |  37.00   37   0  8 0 0  0  0 |  3.125e+13  2.012e+14  5.772e+15     0 -
 164  1  2.500e+14  383  419 CRUISE 1 160  32  64   2  432 |  37.00   37   0  8 0 0  0  0 |  3.125e+13  2.013e+14  5.790e+15     0 -
 165  1  2.500e+14  383  419 CRUISE 1 160  32  64   2  432 |  37.00   37   0  8 0 0  0  0 |  3.125e+13  2.015e+14  5.807e+15     0 -
 166  1  2.500e+14  383  419 CRUISE 1 160  32  64   2  432 |  37.00   37   0  8 0 0  0  0 |  3.125e+13  2.016e+14  5.824e+15     0 -
 167  1  2.500e+14  383  419 CRUISE 1 160  32  64   2  432 |  37.00   37   0  8 0 0  0  0 |  3.125e+13  2.018e+14  5.841e+15     0 -
 168  1  2.500e+14  383  419 CRUISE 1 160  32  64   2  432 |  37.00   37   0  8 0 0  0  0 |  3.125e+13  2.019e+14  5.858e+15     0 -
 169  1  2.500e+14  383  419 CRUISE 1 160  32  64   2  432 |  37.00   37   0  8 0 0  0  0 |  3.125e+13  2.020e+14  5.875e+15     0 -
 170  1  2.500e+14  383  419 CRUISE 1 160  32  64   2  432 |  37.00   37   0  8 0 0  0  0 |  3.125e+13  2.021e+14  5.891e+15     0 -
 171  1  2.500e+14  383  419 CRUISE 1 160  32  64   2  432 |  37.00   37   0  8 0 0  0  0 |  3.125e+13  2.023e+14  5.908e+15     0 -
 172  1  2.500e+14  383  419 CRUISE 1 160  32  64   2  432 |  37.00   37   0  8 0 0  0  0 |  3.125e+13  2.024e+14  5.924e+15     0 -
 173  1  2.500e+14  383  419 CRUISE 1 160  32  64   2  432 |  37.00   37   0  8 0 0  0  0 |  3.125e+13  2.025e+14  5.940e+15     0 -
 174  1  2.500e+14  383  419 CRUISE 1 160  32  64   2  432 |  37.00   37   0  8 0 0  0  0 |  3.125e+13  2.027e+14  5.956e+15     0 -
 175  1  2.500e+14  383  419 CRUISE 1 160  32  64   2  432 |  37.00   37   0  8 0 0  0  0 |  3.125e+13  2.028e+14  5.972e+15     0 -
 176  1  2.500e+14  383  419 CRUISE 1 160  32  64   2  432 |  37.00   37   0  8 0 0  0  0 |  3.125e+13  2.029e+14  5.988e+15     0 -
 177  1  2.500e+14  383  419 CRUISE 1 160  32  64   2  432 |  37.00   37   0  8 0 0  0  0 |  3.125e+13  2.030e+14  6.004e+15     0 -
 178  1  2.500e+14  383  419 CRUISE 1 160  32  64   2  432 |  37.00   37   0  8 0 0  0  0 |  3.125e+13  2.032e+14  6.019e+15     0 -
 179  1  2.500e+14  383  419 CRUISE 1 160  32  64   2  432 |  37.00   37   0  8 0 0  0  0 |  3.125e+13  2.033e+14  6.035e+15     0 -
 180  1  2.500e+14  383  419 CRUISE 1 160  32  64   2  432 |  37.00   37   0  8 0 0  0  0 |  3.125e+13  2.034e+14  6.050e+15     0 -
 181  1  2.500e+14  383  419 CRUISE 1 160  32  64   2  432 |  37.00   37   0  8 0 0  0  0 |  3.125e+13  2.035e+14  6.066e+15     0 -
 182  1  2.500e+14  383  419 CRUISE 1 160  32  64   2  432 |  37.00   37   0  8 0 0  0  0 |  3.125e+13  2.036e+14  6.081e+15     0 -
 183  1  2.500e+14  383  419 CRUISE 1 160  32  64   2  432 |  37.00   37   0  8 0 0  0  0 |  3.125e+13  2.038e+14  6.096e+15     0 -
 184  1  2.500e+14  383  419 CRUISE 1 160  32  64   2  432 |  37.00   37   0  8 0 0  0  0 |  3.125e+13  2.039e+14  6.111e+15     0 -
 185  1  2.500e+14  383  419 CRUISE 1 160  32  64   2  432 |  37.00   37   0  8 0 0  0  0 |  3.125e+13  2.040e+14  6.125e+15     0 -
 186  1  2.500e+14  383  419 CRUISE 1 160  32  64   2  432 |  37.00   37   0  8 0 0  0  0 |  3.125e+13  2.041e+14  6.140e+15     0 -
 187  1  2.500e+14  383  419 CRUISE 1 160  32  64   2  432 |  37.00   37   0  8 0 0  0  0 |  3.125e+13  2.042e+14  6.154e+15     0 -
 188  1  2.500e+14  383  419 CRUISE 1 160  32  64   2  432 |  37.00   37   0  8 0 0  0  0 |  3.125e+13  2.043e+14  6.169e+15     0 -
 189  1  2.500e+14  383  419 CRUISE 1 160  32  64   2  432 |  37.00   37   0  8 0 0  0  0 |  3.125e+13  2.044e+14  6.183e+15     0 -
 190  1  2.500e+14  383  419 CRUISE 1 160  32  64   2  432 |  37.00   37   0  8 0 0  0  0 |  3.125e+13  2.046e+14  6.197e+15     0 -
 191  1  2.500e+14  383  420 CRUISE 1 160  32  64   2  432 |  37.00   37   0  8 0 0  0  0 |  3.125e+13  2.047e+14  6.211e+15     0 -
 192  1  2.500e+14  383  420 CRUISE 1 160  32  64   2  432 |  37.00   37   0  8 0 0  0  0 |  3.125e+13  2.048e+14  6.225e+15     0 -
 193  1  2.500e+14  383  420 CRUISE 1 160  32  64   2  432 |  37.00   37   0  8 0 0  0  0 |  3.125e+13  2.049e+14  6.239e+15     0 -
 194  1  2.500e+14  383  420 CRUISE 1 160  32  64   2  432 |  37.00   37   0  8 0 0  0  0 |  3.125e+13  2.050e+14  6.253e+15     0 -
 195  1  2.500e+14  383  420 CRUISE 1 160  32  64   2  432 |  37.00   37   0  8 0 0  0  0 |  3.125e+13  2.051e+14  6.267e+15     0 -
 196  1  2.500e+14  383  420 CRUISE 1 160  32  64   2  432 |  37.00   37   0  8 0 0  0  0 |  3.125e+13  2.052e+14  6.280e+15     0 -
 197  1  2.500e+14  383  420 CRUISE 1 160  32  64   2  432 |  37.00   37   0  8 0 0  0  0 |  3.125e+13  2.053e+14  6.294e+15     0 -
 198  1  2.500e+14  383  420 CRUISE 1 160  32  64   2  432 |  37.00   37   0  8 0 0  0  0 |  3.125e+13  2.054e+14  6.307e+15     0 -
 199  1  2.500e+14  383  420 CRUISE 1 160  32  64   2  432 |  37.00   37   0  8 0 0  0  0 |  3.125e+13  2.055e+14  6.320e+15     0 -
 200  1  2.500e+14  383  420 CRUISE 1 160  32  64   2  432 |  37.00   37   0  8 0 0  0  0 |  3.125e+13  2.056e+14  6.333e+15     0 -
 201  1  2.500e+14  383  420 CRUISE 1 160  32  64   2  432 |  37.00   37   0  8 0 0  0  0 |  3.125e+13  2.057e+14  6.346e+15     0 -
 202  1  2.500e+14  383  420 CRUISE 1 160  32  64   2  432 |  37.00   37   0  8 0 0  0  0 |  3.125e+13  2.058e+14  6.359e+15     0 -
 203  1  2.500e+14  383  420 CRUISE 1 160  32  64   2  432 |  37.00   37   0  8 0 0  0  0 |  3.125e+13  2.059e+14  6.372e+15     0 -
 204  1  2.500e+14  383  420 CRUISE 1 160  32  64   2  432 |  37.00   37   0  8 0 0  0  0 |  3.125e+13  2.060e+14  6.385e+15     0 -
 205  1  2.500e+14  383  420 CRUISE 1 160  32  64   2  432 |  37.00   37   0  8 0 0  0  0 |  3.125e+13  2.061e+14  6.397e+15     0 -
 206  1  2.500e+14  383  420 CRUISE 1 160  32  64   2  432 |  37.00   37   0  8 0 0  0  0 |  3.125e+13  2.062e+14  6.410e+15     0 -
 207  1  2.500e+14  383  420 CRUISE 1 160  32  64   2  432 |  37.00   37   0  8 0 0  0  0 |  3.125e+13  2.063e+14  6.422e+15     0 -
 208  1  2.500e+14  383  420 CRUISE 1 160  32  64   2  432 |  37.00   37   0  8 0 0  0  0 |  3.125e+13  2.064e+14  6.435e+15     0 -
 209  1  2.500e+14  383  420 CRUISE 1 160  32  64   2  432 |  37.00   37   0  8 0 0  0  0 |  3.125e+13  2.065e+14  6.447e+15     0 -
 210  1  2.500e+14  383  420 CRUISE 1 160  32  64   2  432 |  37.00   37   0  8 0 0  0  0 |  3.125e+13  2.066e+14  6.459e+15     0 -
 211  1  2.500e+14  383  420 CRUISE 1 160  32  64   2  432 |  37.00   37   0  8 0 0  0  0 |  3.125e+13  2.067e+14  6.471e+15     0 -
 212  1  2.500e+14  383  420 CRUISE 1 160  32  64   2  432 |  37.00   37   0  8 0 0  0  0 |  3.125e+13  2.068e+14  6.483e+15     0 -
 213  1  2.500e+14  383  420 CRUISE 1 160  32  64   2  432 |  37.00   37   0  8 0 0  0  0 |  3.125e+13  2.069e+14  6.495e+15     0 -
 214  1  2.500e+14  383  420 CRUISE 1 160  32  64   2  432 |  37.00   37   0  8 0 0  0  0 |  3.125e+13  2.070e+14  6.507e+15     0 -
 215  1  2.500e+14  383  420 CRUISE 1 160  32  64   2  432 |  37.00   37   0  8 0 0  0  0 |  3.125e+13  2.071e+14  6.518e+15     0 -
 216  1  2.500e+14  383  420 CRUISE 1 160  32  64   2  432 |  37.00   37   0  8 0 0  0  0 |  3.125e+13  2.072e+14  6.530e+15     0 -
 217  1  2.500e+14  383  420 CRUISE 1 160  32  64   2  432 |  37.00   37   0  8 0 0  0  0 |  3.125e+13  2.073e+14  6.541e+15     0 -
 218  1  2.500e+14  383  420 CRUISE 1 160  32  64   2  432 |  37.00   37   0  8 0 0  0  0 |  3.125e+13  2.074e+14  6.553e+15     0 -
 219  1  2.500e+14  383  420 CRUISE 1 160  32  64   2  432 |  37.00   37   0  8 0 0  0  0 |  3.125e+13  2.074e+14  6.564e+15     0 -
 220  1  2.500e+14  383  420 CRUISE 1 160  32  64   2  432 |  37.00   37   0  8 0 0  0  0 |  3.125e+13  2.075e+14  6.575e+15     0 -
 221  1  2.500e+14  383  420 CRUISE 1 160  32  64   2  432 |  37.00   37   0  8 0 0  0  0 |  3.125e+13  2.076e+14  6.586e+15     0 -
 222  1  2.500e+14  383  420 CRUISE 1 160  32  64   2  432 |  37.00   37   0  8 0 0  0  0 |  3.125e+13  2.077e+14  6.598e+15     0 -
 223  1  2.500e+14  383  420 CRUISE 1 160  32  64   2  432 |  37.00   37   0  8 0 0  0  0 |  3.125e+13  2.078e+14  6.608e+15     0 -
 224  1  2.500e+14  383  420 CRUISE 1 160  32  64   2  432 |  37.00   37   0  8 0 0  0  0 |  3.125e+13  2.079e+14  6.619e+15     0 -
 225  1  2.500e+14  383  420 CRUISE 1 160  32  64   2  432 |  37.00   37   0  8 0 0  0  0 |  3.125e+13  2.080e+14  6.630e+15     0 -
 226  1  2.500e+14  383  420 CRUISE 1 160  32  64   2  432 |  37.00   37   0  8 0 0  0  0 |  3.125e+13  2.080e+14  6.641e+15     0 -
 227  1  2.500e+14  383  420 CRUISE 1 160  32  64   2  432 |  37.00   37   0  8 0 0  0  0 |  3.125e+13  2.081e+14  6.651e+15     0 -
 228  1  2.500e+14  383  420 CRUISE 1 160  32  64   2  432 |  37.00   37   0  8 0 0  0  0 |  3.125e+13  2.082e+14  6.662e+15     0 -
 229  1  2.500e+14  383  420 CRUISE 1 160  32  64   2  432 |  37.00   37   0  8 0 0  0  0 |  3.125e+13  2.083e+14  6.672e+15     0 -
 230  1  2.500e+14  383  420 CRUISE 1 160  32  64   2  432 |  37.00   37   0  8 0 0  0  0 |  3.125e+13  2.084e+14  6.683e+15     0 -
 231  1  2.500e+14  383  420 CRUISE 1 160  32  64   2  432 |  37.00   37   0  8 0 0  0  0 |  3.125e+13  2.085e+14  6.693e+15     0 -
 232  1  2.500e+14  383  420 CRUISE 1 160  32  64   2  432 |  37.00   37   0  8 0 0  0  0 |  3.125e+13  2.085e+14  6.703e+15     0 -
 233  1  2.500e+14  383  420 CRUISE 1 160  32  64   2  432 |  37.00   37   0  8 0 0  0  0 |  3.125e+13  2.086e+14  6.713e+15     0 -
 234  1  2.500e+14  383  420 CRUISE 1 160  32  64   2  432 |  37.00   37   0  8 0 0  0  0 |  3.125e+13  2.087e+14  6.723e+15     0 -
 235  1  2.500e+14  383  420 CRUISE 1 160  32  64   2  432 |  37.00   37   0  8 0 0  0  0 |  3.125e+13  2.088e+14  6.733e+15     0 -
 236  1  2.500e+14  383  420 CRUISE 1 160  32  64   2  432 |  37.00   37   0  8 0 0  0  0 |  3.125e+13  2.089e+14  6.743e+15     0 -
 237  1  2.500e+14  383  420 CRUISE 1 160  32  64   2  432 |  37.00   37   0  8 0 0  0  0 |  3.125e+13  2.089e+14  6.753e+15     0 -
 238  1  2.500e+14  383  420 CRUISE 1 160  32  64   2  432 |  37.00   37   0  8 0 0  0  0 |  3.125e+13  2.090e+14  6.763e+15     0 -
 239  1  2.500e+14  383  421 CRUISE 1 160  32  64   2  432 |  37.00   37   0  8 0 0  0  0 |  3.125e+13  2.091e+14  6.773e+15     0 -
 240  1  2.500e+14  383  421 CRUISE 1 160  32  64   2  432 |  37.00   37   0  8 0 0  0  0 |  3.125e+13  2.092e+14  6.782e+15     0 -
 241  1  2.500e+14  383  421 CRUISE 1 160  32  64   2  432 |  37.00   37   0  8 0 0  0  0 |  3.125e+13  2.092e+14  6.792e+15     0 -
 242  1  2.500e+14  383  421 CRUISE 1 160  32  64   2  432 |  37.00   37   0  8 0 0  0  0 |  3.125e+13  2.093e+14  6.801e+15     0 -
 243  1  2.500e+14  383  421 CRUISE 1 160  32  64   2  432 |  37.00   37   0  8 0 0  0  0 |  3.125e+13  2.094e+14  6.810e+15     0 -
 244  1  2.500e+14  383  421 CRUISE 1 160  32  64   2  432 |  37.00   37   0  8 0 0  0  0 |  3.125e+13  2.095e+14  6.820e+15     0 -
 245  1  2.500e+14  383  421 CRUISE 1 160  32  64   2  432 |  37.00   37   0  8 0 0  0  0 |  3.125e+13  2.095e+14  6.829e+15     0 -
 246  1  2.500e+14  383  421 CRUISE 1 160  32  64   2  432 |  37.00   37   0  8 0 0  0  0 |  3.125e+13  2.096e+14  6.838e+15     0 -
 247  1  2.500e+14  383  421 CRUISE 1 160  32  64   2  432 |  37.00   37   0  8 0 0  0  0 |  3.125e+13  2.097e+14  6.847e+15     0 -
 248  1  2.500e+14  383  421 CRUISE 1 160  32  64   2  432 |  37.00   37   0  8 0 0  0  0 |  3.125e+13  2.097e+14  6.856e+15     0 -
 249  1  2.500e+14  383  421 CRUISE 1 160  32  64   2  432 |  37.00   37   0  8 0 0  0  0 |  3.125e+13  2.098e+14  6.865e+15     0 -
 250  1  2.500e+14  383  421 CRUISE 1 160  32  64   2  432 |  37.00   37   0  8 0 0  0  0 |  3.125e+13  2.099e+14  6.874e+15     0 -
 251  1  2.500e+14  383  421 CRUISE 1 160  32  64   2  432 |  37.00   37   0  8 0 0  0  0 |  3.125e+13  2.100e+14  6.883e+15     0 -
 252  1  2.500e+14  383  421 CRUISE 1 160  32  64   2  432 |  37.00   37   0  8 0 0  0  0 |  3.125e+13  2.100e+14  6.892e+15     0 -
 253  1  2.500e+14  383  421 CRUISE 1 160  32  64   2  432 |  37.00   37   0  8 0 0  0  0 |  3.125e+13  2.101e+14  6.900e+15     0 -
 254  1  2.500e+14  383  421 CRUISE 1 160  32  64   2  432 |  37.00   37   0  8 0 0  0  0 |  3.125e+13  2.102e+14  6.909e+15     0 -
 255  1  2.500e+14  383  421 CRUISE 1 160  32  64   2  432 |  37.00   37   0  8 0 0  0  0 |  3.125e+13  2.102e+14  6.917e+15     0 -
 256  1  2.500e+14  383  421 CRUISE 1 160  32  64   2  432 |  37.00   37   0  8 0 0  0  0 |  3.125e+13  2.103e+14  6.926e+15     0 -
 257  1  2.500e+14  383  421 CRUISE 1 160  32  64   2  432 |  37.00   37   0  8 0 0  0  0 |  3.125e+13  2.104e+14  6.934e+15     0 -
 258  1  2.500e+14  383  421 CRUISE 1 160  32  64   2  432 |  37.00   37   0  8 0 0  0  0 |  3.125e+13  2.104e+14  6.943e+15     0 -
 259  1  2.500e+14  383  421 CRUISE 1 160  32  64   2  432 |  37.00   37   0  8 0 0  0  0 |  3.125e+13  2.105e+14  6.951e+15     0 -
 260  1  2.500e+14  383  421 CRUISE 1 160  32  64   2  432 |  37.00   37   0  8 0 0  0  0 |  3.125e+13  2.106e+14  6.959e+15     0 -
 261  1  2.500e+14  383  421 CRUISE 1 160  32  64   2  432 |  37.00   37   0  8 0 0  0  0 |  3.125e+13  2.106e+14  6.967e+15     0 -
 262  1  2.500e+14  383  421 CRUISE 1 160  32  64   2  432 |  37.00   37   0  8 0 0  0  0 |  3.125e+13  2.107e+14  6.975e+15     0 -
 263  1  2.500e+14  383  421 CRUISE 1 160  32  64   2  432 |  37.00   37   0  8 0 0  0  0 |  3.125e+13  2.107e+14  6.983e+15     0 -
 264  1  2.500e+14  383  421 CRUISE 1 160  32  64   2  432 |  37.00   37   0  8 0 0  0  0 |  3.125e+13  2.108e+14  6.991e+15     0 -
 265  1  2.500e+14  383  421 CRUISE 1 160  32  64   2  432 |  37.00   37   0  8 0 0  0  0 |  3.125e+13  2.109e+14  6.999e+15     0 -
 266  1  2.500e+14  383  421 CRUISE 1 160  32  64   2  432 |  37.00   37   0  8 0 0  0  0 |  3.125e+13  2.109e+14  7.007e+15     0 -
 267  1  2.500e+14  383  421 CRUISE 1 160  32  64   2  432 |  37.00   37   0  8 0 0  0  0 |  3.125e+13  2.110e+14  7.015e+15     0 -
 268  1  2.500e+14  383  421 CRUISE 1 160  32  64   2  432 |  37.00   37   0  8 0 0  0  0 |  3.125e+13  2.111e+14  7.022e+15     0 -
 269  1  2.500e+14  383  421 CRUISE 1 160  32  64   2  432 |  37.00   37   0  8 0 0  0  0 |  3.125e+13  2.111e+14  7.030e+15     0 -
 270  1  2.500e+14  383  421 CRUISE 1 160  32  64   2  432 |  37.00   37   0  8 0 0  0  0 |  3.125e+13  2.112e+14  7.037e+15     0 -
 271  1  2.500e+14  383  421 CRUISE 1 160  32  64   2  432 |  37.00   37   0  8 0 0  0  0 |  3.125e+13  2.112e+14  7.045e+15     0 -
 272  1  2.500e+14  383  421 CRUISE 1 160  32  64   2  432 |  37.00   37   0  8 0 0  0  0 |  3.125e+13  2.113e+14  7.052e+15     0 -
 273  1  2.500e+14  383  421 CRUISE 1 160  32  64   2  432 |  37.00   37   0  8 0 0  0  0 |  3.125e+13  2.113e+14  7.060e+15     0 -
 274  1  2.500e+14  383  421 CRUISE 1 160  32  64   2  432 |  37.00   37   0  8 0 0  0  0 |  3.125e+13  2.114e+14  7.067e+15     0 -
 275  1  2.500e+14  383  421 CRUISE 1 160  32  64   2  432 |  37.00   37   0  8 0 0  0  0 |  3.125e+13  2.115e+14  7.075e+15     0 -
 276  1  2.500e+14  383  421 CRUISE 1 160  32  64   2  432 |  37.00   37   0  8 0 0  0  0 |  3.125e+13  2.115e+14  7.082e+15     0 -
 277  1  2.500e+14  383  421 CRUISE 1 160  32  64   2  432 |  37.00   37   0  8 0 0  0  0 |  3.125e+13  2.116e+14  7.089e+15     0 -
 278  1  2.500e+14  383  421 CRUISE 1 160  32  64   2  432 |  37.00   37   0  8 0 0  0  0 |  3.125e+13  2.116e+14  7.096e+15     0 -
 279  1  2.500e+14  383  421 CRUISE 1 160  32  64   2  432 |  37.00   37   0  8 0 0  0  0 |  3.125e+13  2.117e+14  7.103e+15     0 -
 280  1  2.500e+14  383  421 CRUISE 1 160  32  64   2  432 |  37.00   37   0  8 0 0  0  0 |  3.125e+13  2.117e+14  7.110e+15     0 -
 281  1  2.500e+14  383  421 CRUISE 1 160  32  64   2  432 |  37.00   37   0  8 0 0  0  0 |  3.125e+13  2.118e+14  7.117e+15     0 -
 282  1  2.500e+14  383  421 CRUISE 1 160  32  64   2  432 |  37.00   37   0  8 0 0  0  0 |  3.125e+13  2.119e+14  7.124e+15     0 -
 283  1  2.500e+14  383  421 CRUISE 1 160  32  64   2  432 |  37.00   37   0  8 0 0  0  0 |  3.125e+13  2.119e+14  7.131e+15     0 -
 284  1  2.500e+14  383  421 CRUISE 1 160  32  64   2  432 |  37.00   37   0  8 0 0  0  0 |  3.125e+13  2.120e+14  7.138e+15     0 -
 285  1  2.500e+14  383  421 CRUISE 1 160  32  64   2  432 |  37.00   37   0  8 0 0  0  0 |  3.125e+13  2.120e+14  7.144e+15     0 -
 286  1  2.500e+14  383  421 CRUISE 1 160  32  64   2  432 |  37.00   37   0  8 0 0  0  0 |  3.125e+13  2.121e+14  7.151e+15     0 -
 287  1  2.500e+14  383  421 CRUISE 1 160  32  64   2  432 |  37.00   37   0  8 0 0  0  0 |  3.125e+13  2.121e+14  7.158e+15     0 -
 288  1  2.500e+14  383  421 CRUISE 1 160  32  64   2  432 |  37.00   37   0  8 0 0  0  0 |  3.125e+13  2.122e+14  7.164e+15     0 -
 289  1  2.500e+14  383  421 CRUISE 1 160  32  64   2  432 |  37.00   37   0  8 0 0  0  0 |  3.125e+13  2.122e+14  7.171e+15     0 -
 290  1  2.500e+14  383  421 CRUISE 1 160  32  64   2  432 |  37.00   37   0  8 0 0  0  0 |  3.125e+13  2.123e+14  7.177e+15     0 -
 291  1  2.500e+14  383  421 CRUISE 1 160  32  64   2  432 |  37.00   37   0  8 0 0  0  0 |  3.125e+13  2.123e+14  7.184e+15     0 -
 292  1  2.500e+14  383  421 CRUISE 1 160  32  64   2  432 |  37.00   37   0  8 0 0  0  0 |  3.125e+13  2.124e+14  7.190e+15     0 -
 293  1  2.500e+14  383  421 CRUISE 1 160  32  64   2  432 |  37.00   37   0  8 0 0  0  0 |  3.125e+13  2.124e+14  7.196e+15     0 -
 294  1  2.500e+14  383  421 CRUISE 1 160  32  64   2  432 |  37.00   37   0  8 0 0  0  0 |  3.125e+13  2.125e+14  7.203e+15     0 -
 295  1  2.500e+14  383  421 CRUISE 1 160  32  64   2  432 |  37.00   37   0  8 0 0  0  0 |  3.125e+13  2.125e+14  7.209e+15     0 -
 296  1  2.500e+14  383  421 CRUISE 1 160  32  64   2  432 |  37.00   37   0  8 0 0  0  0 |  3.125e+13  2.126e+14  7.215e+15     0 -
 297  1  2.500e+14  383  421 CRUISE 1 160  32  64   2  432 |  37.00   37   0  8 0 0  0  0 |  3.125e+13  2.126e+14  7.221e+15     0 -
 298  1  2.500e+14  383  421 CRUISE 1 160  32  64   2  432 |  37.00   37   0  8 0 0  0  0 |  3.125e+13  2.127e+14  7.227e+15     0 -
 299  1  2.500e+14  383  421 CRUISE 1 160  32  64   2  432 |  37.00   37   0  8 0 0  0  0 |  3.125e+13  2.127e+14  7.233e+15     0 -
 300  1  2.500e+14  383  421 CRUISE 1 160  32  64   2  432 |  37.00   37   0  8 0 0  0  0 |  3.125e+13  2.128e+14  7.239e+15     0 -
 301  1  2.500e+14  383  421 CRUISE 1 160  32  64   2  432 |  37.00   37   0  8 0 0  0  0 |  3.125e+13  2.128e+14  7.245e+15     0 -
 302  1  2.500e+14  383  421 CRUISE 1 160  32  64   2  432 |  37.00   37   0  8 0 0  0  0 |  3.125e+13  2.129e+14  7.251e+15     0 -
 303  1  2.500e+14  383  421 CRUISE 1 160  32  64   2  432 |  37.00   37   0  8 0 0  0  0 |  3.125e+13  2.129e+14  7.257e+15     0 -
 304  1  2.500e+14  383  421 CRUISE 1 160  32  64   2  432 |  37.00   37   0  8 0 0  0  0 |  3.125e+13  2.129e+14  7.263e+15     0 -
 305  1  2.500e+14  383  421 CRUISE 1 160  32  64   2  432 |  37.00   37   0  8 0 0  0  0 |  3.125e+13  2.130e+14  7.269e+15     0 -
 306  1  2.500e+14  383  421 CRUISE 1 160  32  64   2  432 |  37.00   37   0  8 0 0  0  0 |  3.125e+13  2.130e+14  7.274e+15     0 -
 307  1  2.500e+14  383  421 CRUISE 1 160  32  64   2  432 |  37.00   37   0  8 0 0  0  0 |  3.125e+13  2.131e+14  7.280e+15     0 -
 308  1  2.500e+14  383  421 CRUISE 1 160  32  64   2  432 |  37.00   37   0  8 0 0  0  0 |  3.125e+13  2.131e+14  7.286e+15     0 -
 309  1  2.500e+14  383  421 CRUISE 1 160  32  64   2  432 |  37.00   37   0  8 0 0  0  0 |  3.125e+13  2.132e+14  7.291e+15     0 -
 310  1  2.500e+14  383  421 CRUISE 1 160  32  64   2  432 |  37.00   37   0  8 0 0  0  0 |  3.125e+13  2.132e+14  7.297e+15     0 -
 311  1  2.500e+14  383  421 CRUISE 1 160  32  64   2  432 |  37.00   37   0  8 0 0  0  0 |  3.125e+13  2.133e+14  7.302e+15     0 -
 312  1  2.500e+14  383  421 CRUISE 1 160  32  64   2  432 |  37.00   37   0  8 0 0  0  0 |  3.125e+13  2.133e+14  7.308e+15     0 -
 313  1  2.500e+14  383  421 CRUISE 1 160  32  64   2  432 |  37.00   37   0  8 0 0  0  0 |  3.125e+13  2.133e+14  7.313e+15     0 -
 314  1  2.500e+14  383  421 CRUISE 1 160  32  64   2  432 |  37.00   37   0  8 0 0  0  0 |  3.125e+13  2.134e+14  7.318e+15     0 -
 315  1  2.500e+14  383  422 CRUISE 1 160  32  64   2  432 |  37.00   37   0  8 0 0  0  0 |  3.125e+13  2.134e+14  7.324e+15     0 -
 316  1  2.500e+14  383  422 CRUISE 1 160  32  64   2  432 |  37.00   37   0  8 0 0  0  0 |  3.125e+13  2.135e+14  7.329e+15     0 -
 317  1  2.500e+14  383  422 CRUISE 1 160  32  64   2  432 |  37.00   37   0  8 0 0  0  0 |  3.125e+13  2.135e+14  7.334e+15     0 -
 318  1  2.500e+14  383  422 CRUISE 1 160  32  64   2  432 |  37.00   37   0  8 0 0  0  0 |  3.125e+13  2.135e+14  7.339e+15     0 -
 319  1  2.500e+14  383  422 CRUISE 1 160  32  64   2  432 |  37.00   37   0  8 0 0  0  0 |  3.125e+13  2.136e+14  7.345e+15     0 -
 320  1  2.500e+14  383  422 CRUISE 1 160  32  64   2  432 |  37.00   37   0  8 0 0  0  0 |  3.125e+13  2.136e+14  7.350e+15     0 -
 321  1  2.500e+14  383  422 CRUISE 1 160  32  64   2  432 |  37.00   37   0  8 0 0  0  0 |  3.125e+13  2.137e+14  7.355e+15     0 -
 322  1  2.500e+14  383  422 CRUISE 1 160  32  64   2  432 |  37.00   37   0  8 0 0  0  0 |  3.125e+13  2.137e+14  7.360e+15     0 -
 323  1  2.500e+14  383  422 CRUISE 1 160  32  64   2  432 |  37.00   37   0  8 0 0  0  0 |  3.125e+13  2.137e+14  7.365e+15     0 -
 324  1  2.500e+14  383  422 CRUISE 1 160  32  64   2  432 |  37.00   37   0  8 0 0  0  0 |  3.125e+13  2.138e+14  7.370e+15     0 -
 325  1  2.500e+14  383  422 CRUISE 1 160  32  64   2  432 |  37.00   37   0  8 0 0  0  0 |  3.125e+13  2.138e+14  7.375e+15     0 -
 326  1  2.500e+14  383  422 CRUISE 1 160  32  64   2  432 |  37.00   37   0  8 0 0  0  0 |  3.125e+13  2.139e+14  7.380e+15     0 -
 327  1  2.500e+14  383  422 CRUISE 1 160  32  64   2  432 |  37.00   37   0  8 0 0  0  0 |  3.125e+13  2.139e+14  7.384e+15     0 -
 328  1  2.500e+14  383  422 CRUISE 1 160  32  64   2  432 |  37.00   37   0  8 0 0  0  0 |  3.125e+13  2.139e+14  7.389e+15     0 -
 329  1  2.500e+14  383  422 CRUISE 1 160  32  64   2  432 |  37.00   37   0  8 0 0  0  0 |  3.125e+13  2.140e+14  7.394e+15     0 -
 330  1  2.500e+14  383  422 CRUISE 1 160  32  64   2  432 |  37.00   37   0  8 0 0  0  0 |  3.125e+13  2.140e+14  7.399e+15     0 -
 331  1  2.500e+14  383  422 CRUISE 1 160  32  64   2  432 |  37.00   37   0  8 0 0  0  0 |  3.125e+13  2.141e+14  7.403e+15     0 -
 332  1  2.500e+14  383  422 CRUISE 1 160  32  64   2  432 |  37.00   37   0  8 0 0  0  0 |  3.125e+13  2.141e+14  7.408e+15     0 -
 333  1  2.500e+14  383  422 CRUISE 1 160  32  64   2  432 |  37.00   37   0  8 0 0  0  0 |  3.125e+13  2.141e+14  7.413e+15     0 -
 334  1  2.500e+14  383  422 CRUISE 1 160  32  64   2  432 |  37.00   37   0  8 0 0  0  0 |  3.125e+13  2.142e+14  7.417e+15     0 -
 335  1  2.500e+14  383  422 CRUISE 1 160  32  64   2  432 |  37.00   37   0  8 0 0  0  0 |  3.125e+13  2.142e+14  7.422e+15     0 -
 336  1  2.500e+14  383  422 CRUISE 1 160  32  64   2  432 |  37.00   37   0  8 0 0  0  0 |  3.125e+13  2.142e+14  7.426e+15     0 -
 337  1  2.500e+14  383  422 CRUISE 1 160  32  64   2  432 |  37.00   37   0  8 0 0  0  0 |  3.125e+13  2.143e+14  7.431e+15     0 -
 338  1  2.500e+14  383  422 CRUISE 1 160  32  64   2  432 |  37.00   37   0  8 0 0  0  0 |  3.125e+13  2.143e+14  7.435e+15     0 -
 339  1  2.500e+14  383  422 CRUISE 1 160  32  64   2  432 |  37.00   37   0  8 0 0  0  0 |  3.125e+13  2.143e+14  7.440e+15     0 -
 340  1  2.500e+14  383  422 CRUISE 1 160  32  64   2  432 |  37.00   37   0  8 0 0  0  0 |  3.125e+13  2.144e+14  7.444e+15     0 -
 341  1  2.500e+14  383  422 CRUISE 1 160  32  64   2  432 |  37.00   37   0  8 0 0  0  0 |  3.125e+13  2.144e+14  7.448e+15     0 -
 342  1  2.500e+14  383  422 CRUISE 1 160  32  64   2  432 |  37.00   37   0  8 0 0  0  0 |  3.125e+13  2.144e+14  7.453e+15     0 -
 343  1  2.500e+14  383  422 CRUISE 1 160  32  64   2  432 |  37.00   37   0  8 0 0  0  0 |  3.125e+13  2.145e+14  7.457e+15     0 -
 344  1  2.500e+14  383  422 CRUISE 1 160  32  64   2  432 |  37.00   37   0  8 0 0  0  0 |  3.125e+13  2.145e+14  7.461e+15     0 -
 345  1  2.500e+14  383  422 CRUISE 1 160  32  64   2  432 |  37.00   37   0  8 0 0  0  0 |  3.125e+13  2.145e+14  7.466e+15     0 -
 346  1  2.500e+14  383  422 CRUISE 1 160  32  64   2  432 |  37.00   37   0  8 0 0  0  0 |  3.125e+13  2.146e+14  7.470e+15     0 -
 347  1  2.500e+14  383  422 CRUISE 1 160  32  64   2  432 |  37.00   37   0  8 0 0  0  0 |  3.125e+13  2.146e+14  7.474e+15     0 -
 348  1  2.500e+14  383  422 CRUISE 1 160  32  64   2  432 |  37.00   37   0  8 0 0  0  0 |  3.125e+13  2.146e+14  7.478e+15     0 -
 349  1  2.500e+14  383  422 CRUISE 1 160  32  64   2  432 |  37.00   37   0  8 0 0  0  0 |  3.125e+13  2.147e+14  7.482e+15     0 -
 350  1  2.500e+14  383  422 CRUISE 1 160  32  64   2  432 |  37.00   37   0  8 0 0  0  0 |  3.125e+13  2.147e+14  7.486e+15     0 -
 351  1  2.500e+14  383  422 CRUISE 1 160  32  64   2  432 |  37.00   37   0  8 0 0  0  0 |  3.125e+13  2.147e+14  7.490e+15     0 -
 352  1  2.500e+14  383  422 CRUISE 1 160  32  64   2  432 |  37.00   37   0  8 0 0  0  0 |  3.125e+13  2.148e+14  7.494e+15     0 -
 353  1  2.500e+14  383  422 CRUISE 1 160  32  64   2  432 |  37.00   37   0  8 0 0  0  0 |  3.125e+13  2.148e+14  7.498e+15     0 -
 354  1  2.500e+14  383  422 CRUISE 1 160  32  64   2  432 |  37.00   37   0  8 0 0  0  0 |  3.125e+13  2.148e+14  7.502e+15     0 -
 355  1  2.500e+14  383  422 CRUISE 1 160  32  64   2  432 |  37.00   37   0  8 0 0  0  0 |  3.125e+13  2.149e+14  7.506e+15     0 -
 356  1  2.500e+14  383  422 CRUISE 1 160  32  64   2  432 |  37.00   37   0  8 0 0  0  0 |  3.125e+13  2.149e+14  7.510e+15     0 -
 357  1  2.500e+14  383  422 CRUISE 1 160  32  64   2  432 |  37.00   37   0  8 0 0  0  0 |  3.125e+13  2.149e+14  7.514e+15     0 -
 358  1  2.500e+14  383  422 CRUISE 1 160  32  64   2  432 |  37.00   37   0  8 0 0  0  0 |  3.125e+13  2.149e+14  7.517e+15     0 -
 359  1  2.500e+14  383  422 CRUISE 1 160  32  64   2  432 |  37.00   37   0  8 0 0  0  0 |  3.125e+13  2.150e+14  7.521e+15     0 -
 360  1  2.500e+14  383  422 CRUISE 1 160  32  64   2  432 |  37.00   37   0  8 0 0  0  0 |  3.125e+13  2.150e+14  7.525e+15     0 -
 361  1  2.500e+14  383  422 CRUISE 1 160  32  64   2  432 |  37.00   37   0  8 0 0  0  0 |  3.125e+13  2.150e+14  7.529e+15     0 -
 362  1  2.500e+14  383  422 CRUISE 1 160  32  64   2  432 |  37.00   37   0  8 0 0  0  0 |  3.125e+13  2.151e+14  7.532e+15     0 -
 363  1  2.500e+14  383  422 CRUISE 1 160  32  64   2  432 |  37.00   37   0  8 0 0  0  0 |  3.125e+13  2.151e+14  7.536e+15     0 -
 364  1  2.500e+14  383  422 CRUISE 1 160  32  64   2  432 |  37.00   37   0  8 0 0  0  0 |  3.125e+13  2.151e+14  7.540e+15     0 -
 365  1  2.500e+14  383  422 CRUISE 1 160  32  64   2  432 |  37.00   37   0  8 0 0  0  0 |  3.125e+13  2.152e+14  7.543e+15     0 -
 366  1  2.500e+14  383  422 CRUISE 1 160  32  64   2  432 |  37.00   37   0  8 0 0  0  0 |  3.125e+13  2.152e+14  7.547e+15     0 -
 367  1  2.500e+14  383  422 CRUISE 1 160  32  64   2  432 |  37.00   37   0  8 0 0  0  0 |  3.125e+13  2.152e+14  7.550e+15     0 -
 368  1  2.500e+14  383  422 CRUISE 1 160  32  64   2  432 |  37.00   37   0  8 0 0  0  0 |  3.125e+13  2.152e+14  7.554e+15     0 -
 369  1  2.500e+14  383  422 CRUISE 1 160  32  64   2  432 |  37.00   37   0  8 0 0  0  0 |  3.125e+13  2.153e+14  7.557e+15     0 -
 370  1  2.500e+14  383  422 CRUISE 1 160  32  64   2  432 |  37.00   37   0  8 0 0  0  0 |  3.125e+13  2.153e+14  7.561e+15     0 -
 371  1  2.500e+14  383  422 CRUISE 1 160  32  64   2  432 |  37.00   37   0  8 0 0  0  0 |  3.125e+13  2.153e+14  7.564e+15     0 -
 372  1  2.500e+14  383  422 CRUISE 1 160  32  64   2  432 |  37.00   37   0  8 0 0  0  0 |  3.125e+13  2.153e+14  7.568e+15     0 -
 373  1  2.500e+14  383  422 CRUISE 1 160  32  64   2  432 |  37.00   37   0  8 0 0  0  0 |  3.125e+13  2.154e+14  7.571e+15     0 -
 374  1  2.500e+14  383  422 CRUISE 1 160  32  64   2  432 |  37.00   37   0  8 0 0  0  0 |  3.125e+13  2.154e+14  7.574e+15     0 -
 375  1  2.500e+14  383  422 CRUISE 1 160  32  64   2  432 |  37.00   37   0  8 0 0  0  0 |  3.125e+13  2.154e+14  7.578e+15     0 -
 376  1  2.500e+14  383  422 CRUISE 1 160  32  64   2  432 |  37.00   37   0  8 0 0  0  0 |  3.125e+13  2.154e+14  7.581e+15     0 -
 377  1  2.500e+14  383  422 CRUISE 1 160  32  64   2  432 |  37.00   37   0  8 0 0  0  0 |  3.125e+13  2.155e+14  7.584e+15     0 -
 378  1  2.500e+14  383  422 CRUISE 1 160  32  64   2  432 |  37.00   37   0  8 0 0  0  0 |  3.125e+13  2.155e+14  7.587e+15     0 -
 379  1  2.500e+14  383  422 CRUISE 1 160  32  64   2  432 |  37.00   37   0  8 0 0  0  0 |  3.125e+13  2.155e+14  7.591e+15     0 -
 380  1  2.500e+14  383  422 CRUISE 1 160  32  64   2  432 |  37.00   37   0  8 0 0  0  0 |  3.125e+13  2.156e+14  7.594e+15     0 -
 381  1  2.500e+14  383  422 CRUISE 1 160  32  64   2  432 |  37.00   37   0  8 0 0  0  0 |  3.125e+13  2.156e+14  7.597e+15     0 -
 382  1  2.500e+14  383  422 CRUISE 1 160  32  64   2  432 |  37.00   37   0  8 0 0  0  0 |  3.125e+13  2.156e+14  7.600e+15     0 -
 383  1  2.500e+14  383  422 CRUISE 1 160  32  64   2  432 |  37.00   37   0  8 0 0  0  0 |  3.125e+13  2.156e+14  7.603e+15     0 -
 384  1  2.500e+14  383  422 CRUISE 1 160  32  64   2  432 |  37.00   37   0  8 0 0  0  0 |  3.125e+13  2.157e+14  7.606e+15     0 -
 385  1  2.500e+14  383  422 CRUISE 1 160  32  64   2  432 |  37.00   37   0  8 0 0  0  0 |  3.125e+13  2.157e+14  7.609e+15     0 -
 386  1  2.500e+14  383  422 CRUISE 1 160  32  64   2  432 |  37.00   37   0  8 0 0  0  0 |  3.125e+13  2.157e+14  7.612e+15     0 -
 387  1  2.500e+14  383  422 CRUISE 1 160  32  64   2  432 |  37.00   37   0  8 0 0  0  0 |  3.125e+13  2.157e+14  7.616e+15     0 -
 388  1  2.500e+14  383  422 CRUISE 1 160  32  64   2  432 |  37.00   37   0  8 0 0  0  0 |  3.125e+13  2.157e+14  7.619e+15     0 -
 389  1  2.500e+14  383  422 CRUISE 1 160  32  64   2  432 |  37.00   37   0  8 0 0  0  0 |  3.125e+13  2.158e+14  7.622e+15     0 -
 390  1  2.500e+14  383  422 CRUISE 1 160  32  64   2  432 |  37.00   37   0  8 0 0  0  0 |  3.125e+13  2.158e+14  7.624e+15     0 -
 391  1  2.500e+14  383  422 CRUISE 1 160  32  64   2  432 |  37.00   37   0  8 0 0  0  0 |  3.125e+13  2.158e+14  7.627e+15     0 -
 392  1  2.500e+14  383  422 CRUISE 1 160  32  64   2  432 |  37.00   37   0  8 0 0  0  0 |  3.125e+13  2.158e+14  7.630e+15     0 -
 393  1  2.500e+14  383  422 CRUISE 1 160  32  64   2  432 |  37.00   37   0  8 0 0  0  0 |  3.125e+13  2.159e+14  7.633e+15     0 -
 394  1  2.500e+14  383  422 CRUISE 1 160  32  64   2  432 |  37.00   37   0  8 0 0  0  0 |  3.125e+13  2.159e+14  7.636e+15     0 -
 395  1  2.500e+14  383  422 CRUISE 1 160  32  64   2  432 |  37.00   37   0  8 0 0  0  0 |  3.125e+13  2.159e+14  7.639e+15     0 -
 396  1  2.500e+14  383  422 CRUISE 1 160  32  64   2  432 |  37.00   37   0  8 0 0  0  0 |  3.125e+13  2.159e+14  7.642e+15     0 -
 397  1  2.500e+14  383  422 CRUISE 2 176  16  64   2  424 |  37.00   37   0  8 0 0  0  0 |  1.562e+13  2.316e+14  7.645e+15     0 tierup
 398  1  2.500e+14  383  422 CRUISE 2 176  16  64   2  424 |  37.00   37   0  8 0 0  0  0 |  1.562e+13  2.316e+14  7.647e+15     0 -
 399  1  2.500e+14  383  422 CRUISE 2 176  16  64   2  424 |  37.00   37   0  8 0 0  0  0 |  1.562e+13  2.316e+14  7.650e+15     0 -
 400  1  2.500e+14  383  422 CRUISE 2 176  16  64   2  424 |  37.00   37   0  8 0 0  0  0 |  1.562e+13  2.316e+14  7.653e+15     0 -

steady-small           ep  400 settles  400  in 1.000e+17  allow  13.0%  bought  79.3%  left   7.7%  maxRes  30.6 ep  tier 2  clamp 0  {'CRUISE': 400}
