Constant inflow. The reserve must settle at a bounded level (leak = inflow share).

  ep dt     inflow      echo  TAX  RES   mode T buy alw res REL CEIL |      A   PK  dd LV W S CD TR |      allow    decided     bought    reserve clamp   kernel flags
----------------------------------------------------------------------------------------------------------------------------------------------------------------------
   1  1  5.000e+15         0  417    0 CRUISE 0 144  48  64   2  440 |  71.00   71   0  8 3 0  0  0 |  9.375e+14  2.812e+15  2.812e+15  1.250e+15     0        - warm
   2  1  5.084e+15 8.438e+13  418  401 CRUISE 1 160  32  64   2  432 |  72.00   72   0  8 2 0  0  0 |  6.355e+14  3.188e+15  3.188e+15  2.511e+15     0        - tierup,warm
   3  1  5.096e+15 9.562e+13  418  409 CRUISE 1 160  32  64   2  432 |  72.00   72   0  8 1 0  0  0 |  6.370e+14  3.204e+15  3.204e+15  3.766e+15     0        - warm
   4  1  5.096e+15 9.613e+13  418  414 CRUISE 1 160  32  64   2  432 |  72.00   72   0  8 0 0  0  0 |  6.370e+14  3.215e+15  3.215e+15  5.010e+15     0        - warm
   5  1  5.096e+15 9.644e+13  418  417 CRUISE 1 160  32  64   2  432 |  72.00   72   0  8 0 0  0  0 |  6.371e+14  3.224e+15  3.224e+15  6.245e+15     0        - -
   6  1  5.097e+15 9.673e+13  418  420 CRUISE 1 160  32  64   2  432 |  72.00   72   0  8 0 0  0  0 |  6.371e+14  3.234e+15  3.234e+15  7.471e+15     0        - -
   7  1  5.097e+15 9.703e+13  418  422 CRUISE 1 160  32  64   2  432 |  72.00   72   0  8 0 0  0  0 |  6.371e+14  3.244e+15  3.244e+15  8.686e+15     0        - -
   8  1  5.097e+15 9.732e+13  418  424 CRUISE 1 160  32  64   2  432 |  72.00   72   0  8 0 0  0  0 |  6.372e+14  3.254e+15  3.254e+15  9.893e+15     0        - -
   9  1  5.098e+15 9.761e+13  418  425 CRUISE 1 160  32  64   2  432 |  72.00   72   0  8 0 0  0  0 |  6.372e+14  3.263e+15  3.263e+15  1.109e+16     0        - -
  10  1  5.098e+15 9.790e+13  418  426 CRUISE 1 160  32  64   2  432 |  72.00   72   0  8 0 0  0  0 |  6.372e+14  3.273e+15  3.273e+15  1.228e+16     0        - -
  11  1  5.098e+15 9.818e+13  418  427 CRUISE 1 160  32  64   2  432 |  72.00   72   0  8 0 0  0  0 |  6.373e+14  3.282e+15  3.282e+15  1.346e+16     0        - -
  12  1  5.098e+15 9.847e+13  418  428 CRUISE 1 160  32  64   2  432 |  72.00   72   0  8 0 0  0  0 |  6.373e+14  3.292e+15  3.292e+15  1.463e+16     0        - -
  13  1  5.099e+15 9.875e+13  418  429 CRUISE 1 160  32  64   2  432 |  72.00   72   0  8 0 0  0  0 |  6.373e+14  3.301e+15  3.301e+15  1.579e+16     0        - -
  14  1  5.099e+15 9.903e+13  418  431 CRUISE 1 160  32  64   2  432 |  72.00   72   0  8 0 0  0  0 |  6.374e+14  3.310e+15  3.310e+15  1.694e+16     0        - -
  15  1  5.099e+15 9.931e+13  418  432 CRUISE 1 160  32  64   2  432 |  72.00   72   0  8 0 0  0  0 |  6.374e+14  3.319e+15  3.319e+15  1.808e+16     0        - -
  16  1  5.100e+15 9.958e+13  418  433 CRUISE 1 160  32  64   2  432 |  72.00   72   0  8 0 0  0  0 |  6.374e+14  3.328e+15  3.328e+15  1.921e+16     0        - -
  17  1  5.100e+15 9.985e+13  418  433 CRUISE 1 160  32  64   2  432 |  72.00   72   0  8 0 0  0  0 |  6.375e+14  3.338e+15  3.338e+15  2.034e+16     0        - -
  18  1  5.100e+15 1.001e+14  418  434 CRUISE 1 160  32  64   2  432 |  72.00   72   0  8 0 0  0  0 |  6.375e+14  3.346e+15  3.346e+15  2.145e+16     0        - -
  19  1  5.100e+15 1.004e+14  418  434 CRUISE 1 160  32  64   2  432 |  72.00   72   0  8 0 0  0  0 |  6.375e+14  3.355e+15  3.355e+15  2.256e+16     0        - -
  20  1  5.101e+15 1.007e+14  418  435 CRUISE 2 176  16  64   2  424 |  72.00   72   0  8 0 0  0  0 |  3.188e+14  3.683e+15  3.683e+15  2.366e+16     0        - tierup
  21  1  5.110e+15 1.105e+14  418  435 CRUISE 2 176  16  64   2  424 |  72.00   72   0  8 0 0  0  0 |  3.194e+14  3.698e+15  3.698e+15  2.475e+16     0        - -
  22  1  5.111e+15 1.109e+14  418  435 CRUISE 2 176  16  64   2  424 |  72.00   72   0  8 0 0  0  0 |  3.194e+14  3.707e+15  3.707e+15  2.584e+16     0        - -
  23  1  5.111e+15 1.112e+14  418  436 CRUISE 2 176  16  64   2  424 |  72.00   72   0  8 0 0  0  0 |  3.195e+14  3.716e+15  3.716e+15  2.691e+16     0        - -
  24  1  5.111e+15 1.115e+14  418  436 CRUISE 2 176  16  64   2  424 |  72.00   72   0  8 0 0  0  0 |  3.195e+14  3.724e+15  3.724e+15  2.798e+16     0        - -
  25  1  5.112e+15 1.117e+14  418  437 CRUISE 2 176  16  64   2  424 |  72.00   72   0  8 0 0  0  0 |  3.195e+14  3.733e+15  3.733e+15  2.904e+16     0        - -
  26  1  5.112e+15 1.120e+14  418  437 CRUISE 2 176  16  64   2  424 |  72.00   72   0  8 0 0  0  0 |  3.195e+14  3.741e+15  3.741e+15  3.009e+16     0        - -
  27  1  5.112e+15 1.122e+14  418  438 CRUISE 2 176  16  64   2  424 |  72.00   72   0  8 0 0  0  0 |  3.195e+14  3.750e+15  3.750e+15  3.114e+16     0        - -
  28  1  5.112e+15 1.125e+14  418  438 CRUISE 2 176  16  64   2  424 |  72.00   72   0  8 0 0  0  0 |  3.195e+14  3.758e+15  3.758e+15  3.217e+16     0        - -
  29  1  5.113e+15 1.127e+14  418  439 CRUISE 2 176  16  64   2  424 |  72.00   72   0  8 0 0  0  0 |  3.195e+14  3.766e+15  3.766e+15  3.320e+16     0        - -
  30  1  5.113e+15 1.130e+14  418  439 CRUISE 2 176  16  64   2  424 |  72.00   72   0  8 0 0  0  0 |  3.196e+14  3.775e+15  3.775e+15  3.422e+16     0        - -
  31  1  5.113e+15 1.132e+14  418  440 CRUISE 2 176  16  64   2  424 |  72.00   72   0  8 0 0  0  0 |  3.196e+14  3.783e+15  3.783e+15  3.523e+16     0        - -
  32  1  5.113e+15 1.135e+14  418  440 CRUISE 2 176  16  64   2  424 |  72.00   72   0  8 0 0  0  0 |  3.196e+14  3.791e+15  3.791e+15  3.623e+16     0        - -
  33  1  5.114e+15 1.137e+14  418  441 CRUISE 2 176  16  64   2  424 |  72.00   72   0  8 0 0  0  0 |  3.196e+14  3.799e+15  3.799e+15  3.723e+16     0        - -
  34  1  5.114e+15 1.140e+14  418  441 CRUISE 2 176  16  64   2  424 |  72.00   72   0  8 0 0  0  0 |  3.196e+14  3.807e+15  3.807e+15  3.821e+16     0        - -
  35  1  5.114e+15 1.142e+14  418  441 CRUISE 2 176  16  64   2  424 |  72.00   72   0  8 0 0  0  0 |  3.196e+14  3.815e+15  3.815e+15  3.919e+16     0        - -
  36  1  5.114e+15 1.144e+14  418  441 CRUISE 2 176  16  64   2  424 |  72.00   72   0  8 0 0  0  0 |  3.197e+14  3.822e+15  3.822e+15  4.017e+16     0        - -
  37  1  5.115e+15 1.147e+14  418  441 CRUISE 2 176  16  64   2  424 |  72.00   72   0  8 0 0  0  0 |  3.197e+14  3.830e+15  3.830e+15  4.113e+16     0        - -
  38  1  5.115e+15 1.149e+14  418  442 CRUISE 2 176  16  64   2  424 |  72.00   72   0  8 0 0  0  0 |  3.197e+14  3.838e+15  3.838e+15  4.209e+16     0        - -
  39  1  5.115e+15 1.151e+14  418  442 CRUISE 2 176  16  64   2  424 |  72.00   72   0  8 0 0  0  0 |  3.197e+14  3.845e+15  3.845e+15  4.304e+16     0        - -
  40  1  5.115e+15 1.154e+14  418  442 CRUISE 2 176  16  64   2  424 |  72.00   72   0  8 0 0  0  0 |  3.197e+14  3.853e+15  3.853e+15  4.398e+16     0        - -
  41  1  5.116e+15 1.156e+14  418  442 CRUISE 2 176  16  64   2  424 |  72.00   72   0  8 0 0  0  0 |  3.197e+14  3.861e+15  3.861e+15  4.492e+16     0        - -
  42  1  5.116e+15 1.158e+14  418  442 CRUISE 2 176  16  64   2  424 |  72.00   72   0  8 0 0  0  0 |  3.197e+14  3.868e+15  3.868e+15  4.584e+16     0        - -
  43  1  5.116e+15 1.160e+14  418  443 CRUISE 2 176  16  64   2  424 |  72.00   72   0  8 0 0  0  0 |  3.198e+14  3.875e+15  3.875e+15  4.676e+16     0        - -
  44  1  5.116e+15 1.163e+14  418  443 CRUISE 2 176  16  64   2  424 |  72.00   72   0  8 0 0  0  0 |  3.198e+14  3.883e+15  3.883e+15  4.768e+16     0        - -
  45  1  5.116e+15 1.165e+14  418  443 CRUISE 2 176  16  64   2  424 |  72.00   72   0  8 0 0  0  0 |  3.198e+14  3.890e+15  3.890e+15  4.859e+16     0        - -
  46  1  5.117e+15 1.167e+14  418  443 CRUISE 2 176  16  64   2  424 |  72.00   72   0  8 0 0  0  0 |  3.198e+14  3.897e+15  3.897e+15  4.948e+16     0        - -
  47  1  5.117e+15 1.169e+14  418  443 CRUISE 2 176  16  64   2  424 |  72.00   72   0  8 0 0  0  0 |  3.198e+14  3.904e+15  3.904e+15  5.038e+16     0        - -
  48  1  5.117e+15 1.171e+14  418  444 CRUISE 2 176  16  64   2  424 |  72.00   72   0  8 0 0  0  0 |  3.198e+14  3.912e+15  3.912e+15  5.126e+16     0        - -
  49  1  5.117e+15 1.173e+14  418  444 CRUISE 2 176  16  64   2  424 |  72.00   72   0  8 0 0  0  0 |  3.198e+14  3.919e+15  3.919e+15  5.214e+16     0        - -
  50  1  5.118e+15 1.176e+14  418  444 CRUISE 2 176  16  64   2  424 |  72.00   72   0  8 0 0  0  0 |  3.198e+14  3.926e+15  3.926e+15  5.301e+16     0        - -
  51  1  5.118e+15 1.178e+14  418  444 CRUISE 2 176  16  64   2  424 |  72.00   72   0  8 0 0  0  0 |  3.199e+14  3.933e+15  3.933e+15  5.388e+16     0        - -
  52  1  5.118e+15 1.180e+14  418  444 CRUISE 2 176  16  64   2  424 |  72.00   72   0  8 0 0  0  0 |  3.199e+14  3.940e+15  3.940e+15  5.474e+16     0        - -
  53  1  5.118e+15 1.182e+14  418  445 CRUISE 2 176  16  64   2  424 |  72.00   72   0  8 0 0  0  0 |  3.199e+14  3.946e+15  3.946e+15  5.559e+16     0        - -
  54  1  5.118e+15 1.184e+14  418  445 CRUISE 2 176  16  64   2  424 |  72.00   72   0  8 0 0  0  0 |  3.199e+14  3.953e+15  3.953e+15  5.643e+16     0        - -
  55  1  5.119e+15 1.186e+14  418  445 CRUISE 2 176  16  64   2  424 |  72.00   72   0  8 0 0  0  0 |  3.199e+14  3.960e+15  3.960e+15  5.727e+16     0        - -
  56  1  5.119e+15 1.188e+14  418  445 CRUISE 2 176  16  64   2  424 |  72.00   72   0  8 0 0  0  0 |  3.199e+14  3.967e+15  3.967e+15  5.811e+16     0        - -
  57  1  5.119e+15 1.190e+14  418  445 CRUISE 2 176  16  64   2  424 |  72.00   72   0  8 0 0  0  0 |  3.199e+14  3.973e+15  3.973e+15  5.893e+16     0        - -
  58  1  5.119e+15 1.192e+14  418  446 CRUISE 2 176  16  64   2  424 |  72.00   72   0  8 0 0  0  0 |  3.199e+14  3.980e+15  3.980e+15  5.975e+16     0        - -
  59  1  5.119e+15 1.194e+14  418  446 CRUISE 2 176  16  64   2  424 |  72.00   72   0  8 0 0  0  0 |  3.200e+14  3.986e+15  3.986e+15  6.056e+16     0        - -
  60  1  5.120e+15 1.196e+14  418  446 CRUISE 2 176  16  64   2  424 |  72.00   72   0  8 0 0  0  0 |  3.200e+14  3.993e+15  3.993e+15  6.137e+16     0        - -
  61  1  5.120e+15 1.198e+14  418  446 CRUISE 2 176  16  64   2  424 |  72.00   72   0  8 0 0  0  0 |  3.200e+14  3.999e+15  3.999e+15  6.217e+16     0        - -
  62  1  5.120e+15 1.200e+14  418  446 CRUISE 2 176  16  64   2  424 |  72.00   72   0  8 0 0  0  0 |  3.200e+14  4.006e+15  4.006e+15  6.297e+16     0        - -
  63  1  5.120e+15 1.202e+14  418  446 CRUISE 2 176  16  64   2  424 |  72.00   72   0  8 0 0  0  0 |  3.200e+14  4.012e+15  4.012e+15  6.375e+16     0        - -
  64  1  5.120e+15 1.204e+14  418  447 CRUISE 2 176  16  64   2  424 |  72.00   72   0  8 0 0  0  0 |  3.200e+14  4.018e+15  4.018e+15  6.454e+16     0        - -
  65  1  5.121e+15 1.205e+14  418  447 CRUISE 2 176  16  64   2  424 |  72.00   72   0  8 0 0  0  0 |  3.200e+14  4.025e+15  4.025e+15  6.531e+16     0        - -
  66  1  5.121e+15 1.207e+14  418  447 CRUISE 2 176  16  64   2  424 |  72.00   72   0  8 0 0  0  0 |  3.200e+14  4.031e+15  4.031e+15  6.608e+16     0        - -
  67  1  5.121e+15 1.209e+14  418  447 CRUISE 2 176  16  64   2  424 |  72.00   72   0  8 0 0  0  0 |  3.201e+14  4.037e+15  4.037e+15  6.685e+16     0        - -
  68  1  5.121e+15 1.211e+14  418  447 CRUISE 2 176  16  64   2  424 |  72.00   72   0  8 0 0  0  0 |  3.201e+14  4.043e+15  4.043e+15  6.760e+16     0        - -
  69  1  5.121e+15 1.213e+14  418  448 CRUISE 2 176  16  64   2  424 |  72.00   72   0  8 0 0  0  0 |  3.201e+14  4.049e+15  4.049e+15  6.836e+16     0        - -
  70  1  5.121e+15 1.215e+14  418  448 CRUISE 2 176  16  64   2  424 |  72.00   72   0  8 0 0  0  0 |  3.201e+14  4.055e+15  4.055e+15  6.910e+16     0        - -
  71  1  5.122e+15 1.217e+14  418  448 CRUISE 2 176  16  64   2  424 |  72.00   72   0  8 0 0  0  0 |  3.201e+14  4.061e+15  4.061e+15  6.984e+16     0        - -
  72  1  5.122e+15 1.218e+14  418  448 CRUISE 2 176  16  64   2  424 |  72.00   72   0  8 0 0  0  0 |  3.201e+14  4.067e+15  4.067e+15  7.058e+16     0        - -
  73  1  5.122e+15 1.220e+14  418  448 CRUISE 2 176  16  64   2  424 |  72.00   72   0  8 0 0  0  0 |  3.201e+14  4.073e+15  4.073e+15  7.131e+16     0        - -
  74  1  5.122e+15 1.222e+14  418  448 CRUISE 2 176  16  64   2  424 |  72.00   72   0  8 0 0  0  0 |  3.201e+14  4.079e+15  4.079e+15  7.203e+16     0        - -
  75  1  5.122e+15 1.224e+14  418  448 CRUISE 2 176  16  64   2  424 |  72.00   72   0  8 0 0  0  0 |  3.201e+14  4.084e+15  4.084e+15  7.275e+16     0        - -
  76  1  5.123e+15 1.225e+14  418  449 CRUISE 2 176  16  64   2  424 |  72.00   72   0  8 0 0  0  0 |  3.202e+14  4.090e+15  4.090e+15  7.346e+16     0        - -
  77  1  5.123e+15 1.227e+14  418  449 CRUISE 2 176  16  64   2  424 |  72.00   72   0  8 0 0  0  0 |  3.202e+14  4.096e+15  4.096e+15  7.417e+16     0        - -
  78  1  5.123e+15 1.229e+14  418  449 CRUISE 2 176  16  64   2  424 |  72.00   72   0  8 0 0  0  0 |  3.202e+14  4.101e+15  4.101e+15  7.487e+16     0        - -
  79  1  5.123e+15 1.230e+14  418  449 CRUISE 2 176  16  64   2  424 |  72.00   72   0  8 0 0  0  0 |  3.202e+14  4.107e+15  4.107e+15  7.556e+16     0        - -
  80  1  5.123e+15 1.232e+14  418  449 CRUISE 2 176  16  64   2  424 |  72.00   72   0  8 0 0  0  0 |  3.202e+14  4.113e+15  4.113e+15  7.625e+16     0        - -
  81  1  5.123e+15 1.234e+14  418  449 CRUISE 2 176  16  64   2  424 |  72.00   72   0  8 0 0  0  0 |  3.202e+14  4.118e+15  4.118e+15  7.694e+16     0        - -
  82  1  5.124e+15 1.235e+14  418  449 CRUISE 2 176  16  64   2  424 |  72.00   72   0  8 0 0  0  0 |  3.202e+14  4.124e+15  4.124e+15  7.762e+16     0        - -
  83  1  5.124e+15 1.237e+14  418  449 CRUISE 2 176  16  64   2  424 |  72.00   72   0  8 0 0  0  0 |  3.202e+14  4.129e+15  4.129e+15  7.829e+16     0        - -
  84  1  5.124e+15 1.239e+14  418  449 CRUISE 2 176  16  64   2  424 |  72.00   72   0  8 0 0  0  0 |  3.202e+14  4.134e+15  4.134e+15  7.896e+16     0        - -
  85  1  5.124e+15 1.240e+14  418  449 CRUISE 2 176  16  64   2  424 |  72.00   72   0  8 0 0  0  0 |  3.203e+14  4.140e+15  4.140e+15  7.963e+16     0        - -
  86  1  5.124e+15 1.242e+14  418  449 CRUISE 2 176  16  64   2  424 |  72.00   72   0  8 0 0  0  0 |  3.203e+14  4.145e+15  4.145e+15  8.029e+16     0        - -
  87  1  5.124e+15 1.243e+14  418  449 CRUISE 2 176  16  64   2  424 |  72.00   72   0  8 0 0  0  0 |  3.203e+14  4.150e+15  4.150e+15  8.094e+16     0        - -
  88  1  5.125e+15 1.245e+14  418  449 CRUISE 2 176  16  64   2  424 |  72.00   72   0  8 0 0  0  0 |  3.203e+14  4.155e+15  4.155e+15  8.159e+16     0        - -
  89  1  5.125e+15 1.247e+14  418  450 CRUISE 2 176  16  64   2  424 |  72.00   72   0  8 0 0  0  0 |  3.203e+14  4.161e+15  4.161e+15  8.223e+16     0        - -
  90  1  5.125e+15 1.248e+14  418  450 CRUISE 2 176  16  64   2  424 |  72.00   72   0  8 0 0  0  0 |  3.203e+14  4.166e+15  4.166e+15  8.287e+16     0        - -
  91  1  5.125e+15 1.250e+14  418  450 CRUISE 2 176  16  64   2  424 |  72.00   72   0  8 0 0  0  0 |  3.203e+14  4.171e+15  4.171e+15  8.351e+16     0        - -
  92  1  5.125e+15 1.251e+14  418  450 CRUISE 2 176  16  64   2  424 |  72.00   72   0  8 0 0  0  0 |  3.203e+14  4.176e+15  4.176e+15  8.413e+16     0        - -
  93  1  5.125e+15 1.253e+14  418  450 CRUISE 2 176  16  64   2  424 |  72.00   72   0  8 0 0  0  0 |  3.203e+14  4.181e+15  4.181e+15  8.476e+16     0        - -
  94  1  5.125e+15 1.254e+14  418  450 CRUISE 2 176  16  64   2  424 |  72.00   72   0  8 0 0  0  0 |  3.203e+14  4.186e+15  4.186e+15  8.538e+16     0        - -
  95  1  5.126e+15 1.256e+14  418  450 CRUISE 2 176  16  64   2  424 |  72.00   72   0  8 0 0  0  0 |  3.203e+14  4.191e+15  4.191e+15  8.599e+16     0        - -
  96  1  5.126e+15 1.257e+14  418  450 CRUISE 2 176  16  64   2  424 |  72.00   72   0  8 0 0  0  0 |  3.204e+14  4.196e+15  4.196e+15  8.660e+16     0        - -
  97  1  5.126e+15 1.259e+14  418  450 CRUISE 2 176  16  64   2  424 |  72.00   72   0  8 0 0  0  0 |  3.204e+14  4.201e+15  4.201e+15  8.721e+16     0        - -
  98  1  5.126e+15 1.260e+14  418  450 CRUISE 2 176  16  64   2  424 |  72.00   72   0  8 0 0  0  0 |  3.204e+14  4.205e+15  4.205e+15  8.781e+16     0        - -
  99  1  5.126e+15 1.262e+14  418  450 CRUISE 2 176  16  64   2  424 |  72.00   72   0  8 0 0  0  0 |  3.204e+14  4.210e+15  4.210e+15  8.840e+16     0        - -
 100  1  5.126e+15 1.263e+14  418  450 CRUISE 2 176  16  64   2  424 |  72.00   72   0  8 0 0  0  0 |  3.204e+14  4.215e+15  4.215e+15  8.899e+16     0        - -
 101  1  5.126e+15 1.264e+14  418  450 CRUISE 2 176  16  64   2  424 |  72.00   72   0  8 0 0  0  0 |  3.204e+14  4.220e+15  4.220e+15  8.958e+16     0        - -
 102  1  5.127e+15 1.266e+14  418  450 CRUISE 2 176  16  64   2  424 |  72.00   72   0  8 0 0  0  0 |  3.204e+14  4.224e+15  4.224e+15  9.016e+16     0        - -
 103  1  5.127e+15 1.267e+14  418  451 CRUISE 2 176  16  64   2  424 |  72.00   72   0  8 0 0  0  0 |  3.204e+14  4.229e+15  4.229e+15  9.074e+16     0        - -
 104  1  5.127e+15 1.269e+14  418  451 CRUISE 2 176  16  64   2  424 |  72.00   72   0  8 0 0  0  0 |  3.204e+14  4.234e+15  4.234e+15  9.131e+16     0        - -
 105  1  5.127e+15 1.270e+14  418  451 CRUISE 2 176  16  64   2  424 |  72.00   72   0  8 0 0  0  0 |  3.204e+14  4.238e+15  4.238e+15  9.188e+16     0        - -
 106  1  5.127e+15 1.271e+14  418  451 CRUISE 2 176  16  64   2  424 |  72.00   72   0  8 0 0  0  0 |  3.204e+14  4.243e+15  4.243e+15  9.244e+16     0        - -
 107  1  5.127e+15 1.273e+14  418  451 CRUISE 2 176  16  64   2  424 |  72.00   72   0  8 0 0  0  0 |  3.205e+14  4.247e+15  4.247e+15  9.300e+16     0        - -
 108  1  5.127e+15 1.274e+14  418  451 CRUISE 2 176  16  64   2  424 |  72.00   72   0  8 0 0  0  0 |  3.205e+14  4.252e+15  4.252e+15  9.356e+16     0        - -
 109  1  5.128e+15 1.276e+14  418  451 CRUISE 2 176  16  64   2  424 |  72.00   72   0  8 0 0  0  0 |  3.205e+14  4.256e+15  4.256e+15  9.411e+16     0        - -
 110  1  5.128e+15 1.277e+14  418  451 CRUISE 2 176  16  64   2  424 |  72.00   72   0  8 0 0  0  0 |  3.205e+14  4.261e+15  4.261e+15  9.466e+16     0        - -
 111  1  5.128e+15 1.278e+14  418  451 CRUISE 2 176  16  64   2  424 |  72.00   72   0  8 0 0  0  0 |  3.205e+14  4.265e+15  4.265e+15  9.520e+16     0        - -
 112  1  5.128e+15 1.279e+14  418  451 CRUISE 2 176  16  64   2  424 |  72.00   72   0  8 0 0  0  0 |  3.205e+14  4.269e+15  4.269e+15  9.574e+16     0        - -
 113  1  5.128e+15 1.281e+14  418  451 CRUISE 2 176  16  64   2  424 |  72.00   72   0  8 0 0  0  0 |  3.205e+14  4.273e+15  4.273e+15  9.627e+16     0        - -
 114  1  5.128e+15 1.282e+14  418  451 CRUISE 2 176  16  64   2  424 |  72.00   72   0  8 0 0  0  0 |  3.205e+14  4.278e+15  4.278e+15  9.680e+16     0        - -
 115  1  5.128e+15 1.283e+14  418  451 CRUISE 2 176  16  64   2  424 |  72.00   72   0  8 0 0  0  0 |  3.205e+14  4.282e+15  4.282e+15  9.733e+16     0        - -
 116  1  5.128e+15 1.285e+14  418  451 CRUISE 2 176  16  64   2  424 |  72.00   72   0  8 0 0  0  0 |  3.205e+14  4.286e+15  4.286e+15  9.785e+16     0        - -
 117  1  5.129e+15 1.286e+14  418  451 CRUISE 2 176  16  64   2  424 |  72.00   72   0  8 0 0  0  0 |  3.205e+14  4.290e+15  4.290e+15  9.837e+16     0        - -
 118  1  5.129e+15 1.287e+14  418  451 CRUISE 2 176  16  64   2  424 |  72.00   72   0  8 0 0  0  0 |  3.205e+14  4.294e+15  4.294e+15  9.888e+16     0        - -
 119  1  5.129e+15 1.288e+14  418  451 CRUISE 2 176  16  64   2  424 |  72.00   72   0  8 0 0  0  0 |  3.206e+14  4.299e+15  4.299e+15  9.939e+16     0        - -
 120  1  5.129e+15 1.290e+14  418  452 CRUISE 2 176  16  64   2  424 |  72.00   72   0  8 0 0  0  0 |  3.206e+14  4.303e+15  4.303e+15  9.990e+16     0        - -
 121  1  5.129e+15 1.291e+14  418  452 CRUISE 2 176  16  64   2  424 |  72.00   72   0  8 0 0  0  0 |  3.206e+14  4.307e+15  4.307e+15  1.004e+17     0        - -
 122  1  5.129e+15 1.292e+14  418  452 CRUISE 2 176  16  64   2  424 |  72.00   72   0  8 0 0  0  0 |  3.206e+14  4.311e+15  4.311e+15  1.009e+17     0        - -
 123  1  5.129e+15 1.293e+14  418  452 CRUISE 2 176  16  64   2  424 |  72.00   72   0  8 0 0  0  0 |  3.206e+14  4.315e+15  4.315e+15  1.014e+17     0        - -
 124  1  5.129e+15 1.294e+14  418  452 CRUISE 2 176  16  64   2  424 |  72.00   72   0  8 0 0  0  0 |  3.206e+14  4.319e+15  4.319e+15  1.019e+17     0        - -
 125  1  5.130e+15 1.296e+14  418  452 CRUISE 2 176  16  64   2  424 |  72.00   72   0  8 0 0  0  0 |  3.206e+14  4.323e+15  4.323e+15  1.024e+17     0        - -
 126  1  5.130e+15 1.297e+14  418  452 CRUISE 2 176  16  64   2  424 |  72.00   72   0  8 0 0  0  0 |  3.206e+14  4.326e+15  4.326e+15  1.028e+17     0        - -
 127  1  5.130e+15 1.298e+14  418  452 CRUISE 2 176  16  64   2  424 |  72.00   72   0  8 0 0  0  0 |  3.206e+14  4.330e+15  4.330e+15  1.033e+17     0        - -
 128  1  5.130e+15 1.299e+14  418  452 CRUISE 2 176  16  64   2  424 |  72.00   72   0  8 0 0  0  0 |  3.206e+14  4.334e+15  4.334e+15  1.038e+17     0        - -
 129  1  5.130e+15 1.300e+14  418  452 CRUISE 2 176  16  64   2  424 |  72.00   72   0  8 0 0  0  0 |  3.206e+14  4.338e+15  4.338e+15  1.043e+17     0        - -
 130  1  5.130e+15 1.301e+14  418  452 CRUISE 2 176  16  64   2  424 |  72.00   72   0  8 0 0  0  0 |  3.206e+14  4.342e+15  4.342e+15  1.047e+17     0        - -
 131  1  5.130e+15 1.302e+14  418  452 CRUISE 2 176  16  64   2  424 |  72.00   72   0  8 0 0  0  0 |  3.206e+14  4.345e+15  4.345e+15  1.052e+17     0        - -
 132  1  5.130e+15 1.304e+14  418  452 CRUISE 2 176  16  64   2  424 |  72.00   72   0  8 0 0  0  0 |  3.206e+14  4.349e+15  4.349e+15  1.057e+17     0        - -
 133  1  5.130e+15 1.305e+14  418  452 CRUISE 2 176  16  64   2  424 |  72.00   72   0  8 0 0  0  0 |  3.207e+14  4.353e+15  4.353e+15  1.061e+17     0        - -
 134  1  5.131e+15 1.306e+14  418  452 CRUISE 2 176  16  64   2  424 |  72.00   72   0  8 0 0  0  0 |  3.207e+14  4.356e+15  4.356e+15  1.066e+17     0        - -
 135  1  5.131e+15 1.307e+14  418  452 CRUISE 2 176  16  64   2  424 |  72.00   72   0  8 0 0  0  0 |  3.207e+14  4.360e+15  4.360e+15  1.070e+17     0        - -
 136  1  5.131e+15 1.308e+14  418  452 CRUISE 2 176  16  64   2  424 |  72.00   72   0  8 0 0  0  0 |  3.207e+14  4.364e+15  4.364e+15  1.075e+17     0        - -
 137  1  5.131e+15 1.309e+14  418  452 CRUISE 2 176  16  64   2  424 |  72.00   72   0  8 0 0  0  0 |  3.207e+14  4.367e+15  4.367e+15  1.079e+17     0        - -
 138  1  5.131e+15 1.310e+14  418  452 CRUISE 2 176  16  64   2  424 |  72.00   72   0  8 0 0  0  0 |  3.207e+14  4.371e+15  4.371e+15  1.084e+17     0        - -
 139  1  5.131e+15 1.311e+14  418  453 CRUISE 2 176  16  64   2  424 |  72.00   72   0  8 0 0  0  0 |  3.207e+14  4.374e+15  4.374e+15  1.088e+17     0        - -
 140  1  5.131e+15 1.312e+14  418  453 CRUISE 2 176  16  64   2  424 |  72.00   72   0  8 0 0  0  0 |  3.207e+14  4.378e+15  4.378e+15  1.092e+17     0        - -
 141  1  5.131e+15 1.313e+14  418  453 CRUISE 2 176  16  64   2  424 |  72.00   72   0  8 0 0  0  0 |  3.207e+14  4.381e+15  4.381e+15  1.097e+17     0        - -
 142  1  5.131e+15 1.314e+14  418  453 CRUISE 2 176  16  64   2  424 |  72.00   72   0  8 0 0  0  0 |  3.207e+14  4.385e+15  4.385e+15  1.101e+17     0        - -
 143  1  5.132e+15 1.315e+14  418  453 CRUISE 2 176  16  64   2  424 |  72.00   72   0  8 0 0  0  0 |  3.207e+14  4.388e+15  4.388e+15  1.105e+17     0        - -
 144  1  5.132e+15 1.316e+14  418  453 CRUISE 2 176  16  64   2  424 |  72.00   72   0  8 0 0  0  0 |  3.207e+14  4.391e+15  4.391e+15  1.109e+17     0        - -
 145  1  5.132e+15 1.317e+14  418  453 CRUISE 2 176  16  64   2  424 |  72.00   72   0  8 0 0  0  0 |  3.207e+14  4.395e+15  4.395e+15  1.113e+17     0        - -
 146  1  5.132e+15 1.318e+14  418  453 CRUISE 2 176  16  64   2  424 |  72.00   72   0  8 0 0  0  0 |  3.207e+14  4.398e+15  4.398e+15  1.118e+17     0        - -
 147  1  5.132e+15 1.319e+14  418  453 CRUISE 2 176  16  64   2  424 |  72.00   72   0  8 0 0  0  0 |  3.207e+14  4.401e+15  4.401e+15  1.122e+17     0        - -
 148  1  5.132e+15 1.320e+14  418  453 CRUISE 2 176  16  64   2  424 |  72.00   72   0  8 0 0  0  0 |  3.208e+14  4.405e+15  4.405e+15  1.126e+17     0        - -
 149  1  5.132e+15 1.321e+14  418  453 CRUISE 2 176  16  64   2  424 |  72.00   72   0  8 0 0  0  0 |  3.208e+14  4.408e+15  4.408e+15  1.130e+17     0        - -
 150  1  5.132e+15 1.322e+14  418  453 CRUISE 2 176  16  64   2  424 |  72.00   72   0  8 0 0  0  0 |  3.208e+14  4.411e+15  4.411e+15  1.134e+17     0        - -
 151  1  5.132e+15 1.323e+14  418  453 CRUISE 2 176  16  64   2  424 |  72.00   72   0  8 0 0  0  0 |  3.208e+14  4.414e+15  4.414e+15  1.138e+17     0        - -
 152  1  5.132e+15 1.324e+14  418  453 CRUISE 2 176  16  64   2  424 |  72.00   72   0  8 0 0  0  0 |  3.208e+14  4.417e+15  4.417e+15  1.142e+17     0        - -
 153  1  5.133e+15 1.325e+14  418  453 CRUISE 2 176  16  64   2  424 |  72.00   72   0  8 0 0  0  0 |  3.208e+14  4.421e+15  4.421e+15  1.146e+17     0        - -
 154  1  5.133e+15 1.326e+14  418  453 CRUISE 2 176  16  64   2  424 |  72.00   72   0  8 0 0  0  0 |  3.208e+14  4.424e+15  4.424e+15  1.149e+17     0        - -
 155  1  5.133e+15 1.327e+14  418  453 CRUISE 2 176  16  64   2  424 |  72.00   72   0  8 0 0  0  0 |  3.208e+14  4.427e+15  4.427e+15  1.153e+17     0        - -
 156  1  5.133e+15 1.328e+14  418  453 CRUISE 2 176  16  64   2  424 |  72.00   72   0  8 0 0  0  0 |  3.208e+14  4.430e+15  4.430e+15  1.157e+17     0        - -
 157  1  5.133e+15 1.329e+14  418  453 CRUISE 2 176  16  64   2  424 |  72.00   72   0  8 0 0  0  0 |  3.208e+14  4.433e+15  4.433e+15  1.161e+17     0        - -
 158  1  5.133e+15 1.330e+14  418  453 CRUISE 2 176  16  64   2  424 |  72.00   72   0  8 0 0  0  0 |  3.208e+14  4.436e+15  4.436e+15  1.165e+17     0        - -
 159  1  5.133e+15 1.331e+14  418  453 CRUISE 2 176  16  64   2  424 |  72.00   72   0  8 0 0  0  0 |  3.208e+14  4.439e+15  4.439e+15  1.168e+17     0        - -
 160  1  5.133e+15 1.332e+14  418  453 CRUISE 2 176  16  64   2  424 |  72.00   72   0  8 0 0  0  0 |  3.208e+14  4.442e+15  4.442e+15  1.172e+17     0        - -
 161  1  5.133e+15 1.333e+14  418  454 CRUISE 2 176  16  64   2  424 |  72.00   72   0  8 0 0  0  0 |  3.208e+14  4.445e+15  4.445e+15  1.176e+17     0        - -
 162  1  5.133e+15 1.333e+14  418  454 CRUISE 2 176  16  64   2  424 |  72.00   72   0  8 0 0  0  0 |  3.208e+14  4.448e+15  4.448e+15  1.179e+17     0        - -
 163  1  5.133e+15 1.334e+14  418  454 CRUISE 2 176  16  64   2  424 |  72.00   72   0  8 0 0  0  0 |  3.208e+14  4.451e+15  4.451e+15  1.183e+17     0        - -
 164  1  5.134e+15 1.335e+14  418  454 CRUISE 2 176  16  64   2  424 |  72.00   72   0  8 0 0  0  0 |  3.208e+14  4.454e+15  4.454e+15  1.187e+17     0        - -
 165  1  5.134e+15 1.336e+14  418  454 CRUISE 2 176  16  64   2  424 |  72.00   72   0  8 0 0  0  0 |  3.209e+14  4.456e+15  4.456e+15  1.190e+17     0        - -
 166  1  5.134e+15 1.337e+14  418  454 CRUISE 2 176  16  64   2  424 |  72.00   72   0  8 0 0  0  0 |  3.209e+14  4.459e+15  4.459e+15  1.194e+17     0        - -
 167  1  5.134e+15 1.338e+14  418  454 CRUISE 2 176  16  64   2  424 |  72.00   72   0  8 0 0  0  0 |  3.209e+14  4.462e+15  4.462e+15  1.197e+17     0        - -
 168  1  5.134e+15 1.339e+14  418  454 CRUISE 2 176  16  64   2  424 |  72.00   72   0  8 0 0  0  0 |  3.209e+14  4.465e+15  4.465e+15  1.201e+17     0        - -
 169  1  5.134e+15 1.339e+14  418  454 CRUISE 2 176  16  64   2  424 |  72.00   72   0  8 0 0  0  0 |  3.209e+14  4.468e+15  4.468e+15  1.204e+17     0        - -
 170  1  5.134e+15 1.340e+14  418  454 CRUISE 2 176  16  64   2  424 |  72.00   72   0  8 0 0  0  0 |  3.209e+14  4.470e+15  4.470e+15  1.208e+17     0        - -
 171  1  5.134e+15 1.341e+14  418  454 CRUISE 2 176  16  64   2  424 |  72.00   72   0  8 0 0  0  0 |  3.209e+14  4.473e+15  4.473e+15  1.211e+17     0        - -
 172  1  5.134e+15 1.342e+14  418  454 CRUISE 2 176  16  64   2  424 |  72.00   72   0  8 0 0  0  0 |  3.209e+14  4.476e+15  4.476e+15  1.214e+17     0        - -
 173  1  5.134e+15 1.343e+14  418  454 CRUISE 2 176  16  64   2  424 |  72.00   72   0  8 0 0  0  0 |  3.209e+14  4.479e+15  4.479e+15  1.218e+17     0        - -
 174  1  5.134e+15 1.344e+14  418  454 CRUISE 2 176  16  64   2  424 |  72.00   72   0  8 0 0  0  0 |  3.209e+14  4.481e+15  4.481e+15  1.221e+17     0        - -
 175  1  5.134e+15 1.344e+14  418  454 CRUISE 2 176  16  64   2  424 |  72.00   72   0  8 0 0  0  0 |  3.209e+14  4.484e+15  4.484e+15  1.224e+17     0        - -
 176  1  5.135e+15 1.345e+14  418  454 CRUISE 2 176  16  64   2  424 |  72.00   72   0  8 0 0  0  0 |  3.209e+14  4.487e+15  4.487e+15  1.228e+17     0        - -
 177  1  5.135e+15 1.346e+14  418  454 CRUISE 2 176  16  64   2  424 |  72.00   72   0  8 0 0  0  0 |  3.209e+14  4.489e+15  4.489e+15  1.231e+17     0        - -
 178  1  5.135e+15 1.347e+14  418  454 CRUISE 2 176  16  64   2  424 |  72.00   72   0  8 0 0  0  0 |  3.209e+14  4.492e+15  4.492e+15  1.234e+17     0        - -
 179  1  5.135e+15 1.348e+14  418  454 CRUISE 2 176  16  64   2  424 |  72.00   72   0  8 0 0  0  0 |  3.209e+14  4.494e+15  4.494e+15  1.237e+17     0        - -
 180  1  5.135e+15 1.348e+14  418  454 CRUISE 2 176  16  64   2  424 |  72.00   72   0  8 0 0  0  0 |  3.209e+14  4.497e+15  4.497e+15  1.240e+17     0        - -
 181  1  5.135e+15 1.349e+14  418  454 CRUISE 2 176  16  64   2  424 |  72.00   72   0  8 0 0  0  0 |  3.209e+14  4.499e+15  4.499e+15  1.244e+17     0        - -
 182  1  5.135e+15 1.350e+14  418  454 CRUISE 2 176  16  64   2  424 |  72.00   72   0  8 0 0  0  0 |  3.209e+14  4.502e+15  4.502e+15  1.247e+17     0        - -
 183  1  5.135e+15 1.351e+14  418  454 CRUISE 2 176  16  64   2  424 |  72.00   72   0  8 0 0  0  0 |  3.209e+14  4.504e+15  4.504e+15  1.250e+17     0        - -
 184  1  5.135e+15 1.351e+14  418  454 CRUISE 2 176  16  64   2  424 |  72.00   72   0  8 0 0  0  0 |  3.209e+14  4.507e+15  4.507e+15  1.253e+17     0        - -
 185  1  5.135e+15 1.352e+14  418  454 CRUISE 2 176  16  64   2  424 |  72.00   72   0  8 0 0  0  0 |  3.210e+14  4.509e+15  4.509e+15  1.256e+17     0        - -
 186  1  5.135e+15 1.353e+14  418  454 CRUISE 2 176  16  64   2  424 |  72.00   72   0  8 0 0  0  0 |  3.210e+14  4.512e+15  4.512e+15  1.259e+17     0        - -
 187  1  5.135e+15 1.354e+14  418  454 CRUISE 2 176  16  64   2  424 |  72.00   72   0  8 0 0  0  0 |  3.210e+14  4.514e+15  4.514e+15  1.262e+17     0        - -
 188  1  5.135e+15 1.354e+14  418  455 CRUISE 2 176  16  64   2  424 |  72.00   72   0  8 0 0  0  0 |  3.210e+14  4.517e+15  4.517e+15  1.265e+17     0        - -
 189  1  5.135e+15 1.355e+14  418  455 CRUISE 2 176  16  64   2  424 |  72.00   72   0  8 0 0  0  0 |  3.210e+14  4.519e+15  4.519e+15  1.268e+17     0        - -
 190  1  5.136e+15 1.356e+14  418  455 CRUISE 2 176  16  64   2  424 |  72.00   72   0  8 0 0  0  0 |  3.210e+14  4.521e+15  4.521e+15  1.271e+17     0        - -
 191  1  5.136e+15 1.356e+14  418  455 CRUISE 2 176  16  64   2  424 |  72.00   72   0  8 0 0  0  0 |  3.210e+14  4.524e+15  4.524e+15  1.274e+17     0        - -
 192  1  5.136e+15 1.357e+14  418  455 CRUISE 2 176  16  64   2  424 |  72.00   72   0  8 0 0  0  0 |  3.210e+14  4.526e+15  4.526e+15  1.277e+17     0        - -
 193  1  5.136e+15 1.358e+14  418  455 CRUISE 2 176  16  64   2  424 |  72.00   72   0  8 0 0  0  0 |  3.210e+14  4.528e+15  4.528e+15  1.280e+17     0        - -
 194  1  5.136e+15 1.358e+14  418  455 CRUISE 2 176  16  64   2  424 |  72.00   72   0  8 0 0  0  0 |  3.210e+14  4.531e+15  4.531e+15  1.282e+17     0        - -
 195  1  5.136e+15 1.359e+14  418  455 CRUISE 2 176  16  64   2  424 |  72.00   72   0  8 0 0  0  0 |  3.210e+14  4.533e+15  4.533e+15  1.285e+17     0        - -
 196  1  5.136e+15 1.360e+14  418  455 CRUISE 2 176  16  64   2  424 |  72.00   72   0  8 0 0  0  0 |  3.210e+14  4.535e+15  4.535e+15  1.288e+17     0        - -
 197  1  5.136e+15 1.361e+14  418  455 CRUISE 3 184   8  64   2  416 |  72.00   72   0  8 0 0  0  0 |  1.605e+14  4.698e+15  4.698e+15  1.291e+17     0        - tierup
 198  1  5.141e+15 1.409e+14  418  455 CRUISE 3 184   8  64   2  416 |  72.00   72   0  8 0 0  0  0 |  1.607e+14  4.703e+15  4.703e+15  1.294e+17     0        - -
 199  1  5.141e+15 1.411e+14  418  455 CRUISE 3 184   8  64   2  416 |  72.00   72   0  8 0 0  0  0 |  1.607e+14  4.706e+15  4.706e+15  1.296e+17     0        - -
 200  1  5.141e+15 1.412e+14  418  455 CRUISE 3 184   8  64   2  416 |  72.00   72   0  8 0 0  0  0 |  1.607e+14  4.708e+15  4.708e+15  1.299e+17     0        - -
 201  1  5.141e+15 1.412e+14  418  455 CRUISE 3 184   8  64   2  416 |  72.00   72   0  8 0 0  0  0 |  1.607e+14  4.710e+15  4.710e+15  1.302e+17     0        - -
 202  1  5.141e+15 1.413e+14  418  455 CRUISE 3 184   8  64   2  416 |  72.00   72   0  8 0 0  0  0 |  1.607e+14  4.712e+15  4.712e+15  1.304e+17     0        - -
 203  1  5.141e+15 1.414e+14  418  455 CRUISE 3 184   8  64   2  416 |  72.00   72   0  8 0 0  0  0 |  1.607e+14  4.714e+15  4.714e+15  1.307e+17     0        - -
 204  1  5.141e+15 1.414e+14  418  455 CRUISE 3 184   8  64   2  416 |  72.00   72   0  8 0 0  0  0 |  1.607e+14  4.717e+15  4.717e+15  1.310e+17     0        - -
 205  1  5.141e+15 1.415e+14  418  455 CRUISE 3 184   8  64   2  416 |  72.00   72   0  8 0 0  0  0 |  1.607e+14  4.719e+15  4.719e+15  1.312e+17     0        - -
 206  1  5.142e+15 1.416e+14  418  455 CRUISE 3 184   8  64   2  416 |  72.00   72   0  8 0 0  0  0 |  1.607e+14  4.721e+15  4.721e+15  1.315e+17     0        - -
 207  1  5.142e+15 1.416e+14  418  455 CRUISE 3 184   8  64   2  416 |  72.00   72   0  8 0 0  0  0 |  1.607e+14  4.723e+15  4.723e+15  1.318e+17     0        - -
 208  1  5.142e+15 1.417e+14  418  455 CRUISE 3 184   8  64   2  416 |  72.00   72   0  8 0 0  0  0 |  1.607e+14  4.725e+15  4.725e+15  1.320e+17     0        - -
 209  1  5.142e+15 1.417e+14  418  455 CRUISE 3 184   8  64   2  416 |  72.00   72   0  8 0 0  0  0 |  1.607e+14  4.727e+15  4.727e+15  1.323e+17     0        - -
 210  1  5.142e+15 1.418e+14  418  455 CRUISE 3 184   8  64   2  416 |  72.00   72   0  8 0 0  0  0 |  1.607e+14  4.729e+15  4.729e+15  1.325e+17     0        - -
 211  1  5.142e+15 1.419e+14  418  455 CRUISE 3 184   8  64   2  416 |  72.00   72   0  8 0 0  0  0 |  1.607e+14  4.731e+15  4.731e+15  1.328e+17     0        - -
 212  1  5.142e+15 1.419e+14  418  455 CRUISE 3 184   8  64   2  416 |  72.00   72   0  8 0 0  0  0 |  1.607e+14  4.733e+15  4.733e+15  1.330e+17     0        - -
 213  1  5.142e+15 1.420e+14  418  455 CRUISE 3 184   8  64   2  416 |  72.00   72   0  8 0 0  0  0 |  1.607e+14  4.735e+15  4.735e+15  1.333e+17     0        - -
 214  1  5.142e+15 1.420e+14  418  455 CRUISE 3 184   8  64   2  416 |  72.00   72   0  8 0 0  0  0 |  1.607e+14  4.737e+15  4.737e+15  1.335e+17     0        - -
 215  1  5.142e+15 1.421e+14  418  455 CRUISE 3 184   8  64   2  416 |  72.00   72   0  8 0 0  0  0 |  1.607e+14  4.739e+15  4.739e+15  1.337e+17     0        - -
 216  1  5.142e+15 1.422e+14  418  455 CRUISE 3 184   8  64   2  416 |  72.00   72   0  8 0 0  0  0 |  1.607e+14  4.741e+15  4.741e+15  1.340e+17     0        - -
 217  1  5.142e+15 1.422e+14  418  455 CRUISE 3 184   8  64   2  416 |  72.00   72   0  8 0 0  0  0 |  1.607e+14  4.743e+15  4.743e+15  1.342e+17     0        - -
 218  1  5.142e+15 1.423e+14  418  455 CRUISE 3 184   8  64   2  416 |  72.00   72   0  8 0 0  0  0 |  1.607e+14  4.745e+15  4.745e+15  1.345e+17     0        - -
 219  1  5.142e+15 1.423e+14  418  455 CRUISE 3 184   8  64   2  416 |  72.00   72   0  8 0 0  0  0 |  1.607e+14  4.747e+15  4.747e+15  1.347e+17     0        - -
 220  1  5.142e+15 1.424e+14  418  455 CRUISE 3 184   8  64   2  416 |  72.00   72   0  8 0 0  0  0 |  1.607e+14  4.748e+15  4.748e+15  1.349e+17     0        - -
 221  1  5.142e+15 1.425e+14  418  455 CRUISE 3 184   8  64   2  416 |  72.00   72   0  8 0 0  0  0 |  1.607e+14  4.750e+15  4.750e+15  1.352e+17     0        - -
 222  1  5.143e+15 1.425e+14  418  456 CRUISE 3 184   8  64   2  416 |  72.00   72   0  8 0 0  0  0 |  1.607e+14  4.752e+15  4.752e+15  1.354e+17     0        - -
 223  1  5.143e+15 1.426e+14  418  456 CRUISE 3 184   8  64   2  416 |  72.00   72   0  8 0 0  0  0 |  1.607e+14  4.754e+15  4.754e+15  1.356e+17     0        - -
 224  1  5.143e+15 1.426e+14  418  456 CRUISE 3 184   8  64   2  416 |  72.00   72   0  8 0 0  0  0 |  1.607e+14  4.756e+15  4.756e+15  1.358e+17     0        - -
 225  1  5.143e+15 1.427e+14  418  456 CRUISE 3 184   8  64   2  416 |  72.00   72   0  8 0 0  0  0 |  1.607e+14  4.758e+15  4.758e+15  1.361e+17     0        - -
 226  1  5.143e+15 1.427e+14  418  456 CRUISE 3 184   8  64   2  416 |  72.00   72   0  8 0 0  0  0 |  1.607e+14  4.759e+15  4.759e+15  1.363e+17     0        - -
 227  1  5.143e+15 1.428e+14  418  456 CRUISE 3 184   8  64   2  416 |  72.00   72   0  8 0 0  0  0 |  1.607e+14  4.761e+15  4.761e+15  1.365e+17     0        - -
 228  1  5.143e+15 1.428e+14  418  456 CRUISE 3 184   8  64   2  416 |  72.00   72   0  8 0 0  0  0 |  1.607e+14  4.763e+15  4.763e+15  1.367e+17     0        - -
 229  1  5.143e+15 1.429e+14  418  456 CRUISE 3 184   8  64   2  416 |  72.00   72   0  8 0 0  0  0 |  1.607e+14  4.765e+15  4.765e+15  1.369e+17     0        - -
 230  1  5.143e+15 1.429e+14  418  456 CRUISE 3 184   8  64   2  416 |  72.00   72   0  8 0 0  0  0 |  1.607e+14  4.766e+15  4.766e+15  1.372e+17     0        - -
 231  1  5.143e+15 1.430e+14  418  456 CRUISE 3 184   8  64   2  416 |  72.00   72   0  8 0 0  0  0 |  1.607e+14  4.768e+15  4.768e+15  1.374e+17     0        - -
 232  1  5.143e+15 1.430e+14  418  456 CRUISE 3 184   8  64   2  416 |  72.00   72   0  8 0 0  0  0 |  1.607e+14  4.770e+15  4.770e+15  1.376e+17     0        - -
 233  1  5.143e+15 1.431e+14  418  456 CRUISE 3 184   8  64   2  416 |  72.00   72   0  8 0 0  0  0 |  1.607e+14  4.772e+15  4.772e+15  1.378e+17     0        - -
 234  1  5.143e+15 1.431e+14  418  456 CRUISE 3 184   8  64   2  416 |  72.00   72   0  8 0 0  0  0 |  1.607e+14  4.773e+15  4.773e+15  1.380e+17     0        - -
 235  1  5.143e+15 1.432e+14  418  456 CRUISE 3 184   8  64   2  416 |  72.00   72   0  8 0 0  0  0 |  1.607e+14  4.775e+15  4.775e+15  1.382e+17     0        - -
 236  1  5.143e+15 1.432e+14  418  456 CRUISE 3 184   8  64   2  416 |  72.00   72   0  8 0 0  0  0 |  1.607e+14  4.777e+15  4.777e+15  1.384e+17     0        - -
 237  1  5.143e+15 1.433e+14  418  456 CRUISE 3 184   8  64   2  416 |  72.00   72   0  8 0 0  0  0 |  1.607e+14  4.778e+15  4.778e+15  1.386e+17     0        - -
 238  1  5.143e+15 1.433e+14  418  456 CRUISE 3 184   8  64   2  416 |  72.00   72   0  8 0 0  0  0 |  1.607e+14  4.780e+15  4.780e+15  1.388e+17     0        - -
 239  1  5.143e+15 1.434e+14  418  456 CRUISE 3 184   8  64   2  416 |  72.00   72   0  8 0 0  0  0 |  1.607e+14  4.781e+15  4.781e+15  1.390e+17     0        - -
 240  1  5.143e+15 1.434e+14  418  456 CRUISE 3 184   8  64   2  416 |  72.00   72   0  8 0 0  0  0 |  1.607e+14  4.783e+15  4.783e+15  1.392e+17     0        - -
 241  1  5.143e+15 1.435e+14  418  456 CRUISE 3 184   8  64   2  416 |  72.00   72   0  8 0 0  0  0 |  1.607e+14  4.785e+15  4.785e+15  1.394e+17     0        - -
 242  1  5.144e+15 1.435e+14  418  456 CRUISE 3 184   8  64   2  416 |  72.00   72   0  8 0 0  0  0 |  1.607e+14  4.786e+15  4.786e+15  1.396e+17     0        - -
 243  1  5.144e+15 1.436e+14  418  456 CRUISE 3 184   8  64   2  416 |  72.00   72   0  8 0 0  0  0 |  1.607e+14  4.788e+15  4.788e+15  1.398e+17     0        - -
 244  1  5.144e+15 1.436e+14  418  456 CRUISE 3 184   8  64   2  416 |  72.00   72   0  8 0 0  0  0 |  1.607e+14  4.789e+15  4.789e+15  1.400e+17     0        - -
 245  1  5.144e+15 1.437e+14  418  456 CRUISE 3 184   8  64   2  416 |  72.00   72   0  8 0 0  0  0 |  1.607e+14  4.791e+15  4.791e+15  1.402e+17     0        - -
 246  1  5.144e+15 1.437e+14  418  456 CRUISE 3 184   8  64   2  416 |  72.00   72   0  8 0 0  0  0 |  1.607e+14  4.792e+15  4.792e+15  1.404e+17     0        - -
 247  1  5.144e+15 1.438e+14  418  456 CRUISE 3 184   8  64   2  416 |  72.00   72   0  8 0 0  0  0 |  1.607e+14  4.794e+15  4.794e+15  1.406e+17     0        - -
 248  1  5.144e+15 1.438e+14  418  456 CRUISE 3 184   8  64   2  416 |  72.00   72   0  8 0 0  0  0 |  1.607e+14  4.795e+15  4.795e+15  1.408e+17     0        - -
 249  1  5.144e+15 1.439e+14  418  456 CRUISE 3 184   8  64   2  416 |  72.00   72   0  8 0 0  0  0 |  1.607e+14  4.797e+15  4.797e+15  1.410e+17     0        - -
 250  1  5.144e+15 1.439e+14  418  456 CRUISE 3 184   8  64   2  416 |  72.00   72   0  8 0 0  0  0 |  1.607e+14  4.798e+15  4.798e+15  1.411e+17     0        - -
 251  1  5.144e+15 1.440e+14  418  456 CRUISE 3 184   8  64   2  416 |  72.00   72   0  8 0 0  0  0 |  1.607e+14  4.800e+15  4.800e+15  1.413e+17     0        - -
 252  1  5.144e+15 1.440e+14  418  456 CRUISE 3 184   8  64   2  416 |  72.00   72   0  8 0 0  0  0 |  1.607e+14  4.801e+15  4.801e+15  1.415e+17     0        - -
 253  1  5.144e+15 1.440e+14  418  456 CRUISE 3 184   8  64   2  416 |  72.00   72   0  8 0 0  0  0 |  1.608e+14  4.803e+15  4.803e+15  1.417e+17     0        - -
 254  1  5.144e+15 1.441e+14  418  456 CRUISE 3 184   8  64   2  416 |  72.00   72   0  8 0 0  0  0 |  1.608e+14  4.804e+15  4.804e+15  1.419e+17     0        - -
 255  1  5.144e+15 1.441e+14  418  456 CRUISE 3 184   8  64   2  416 |  72.00   72   0  8 0 0  0  0 |  1.608e+14  4.806e+15  4.806e+15  1.420e+17     0        - -
 256  1  5.144e+15 1.442e+14  418  456 CRUISE 3 184   8  64   2  416 |  72.00   72   0  8 0 0  0  0 |  1.608e+14  4.807e+15  4.807e+15  1.422e+17     0        - -
 257  1  5.144e+15 1.442e+14  418  456 CRUISE 3 184   8  64   2  416 |  72.00   72   0  8 0 0  0  0 |  1.608e+14  4.809e+15  4.809e+15  1.424e+17     0        - -
 258  1  5.144e+15 1.443e+14  418  456 CRUISE 3 184   8  64   2  416 |  72.00   72   0  8 0 0  0  0 |  1.608e+14  4.810e+15  4.810e+15  1.426e+17     0        - -
 259  1  5.144e+15 1.443e+14  418  456 CRUISE 3 184   8  64   2  416 |  72.00   72   0  8 0 0  0  0 |  1.608e+14  4.811e+15  4.811e+15  1.427e+17     0        - -
 260  1  5.144e+15 1.443e+14  418  456 CRUISE 3 184   8  64   2  416 |  72.00   72   0  8 0 0  0  0 |  1.608e+14  4.813e+15  4.813e+15  1.429e+17     0        - -
 261  1  5.144e+15 1.444e+14  418  456 CRUISE 3 184   8  64   2  416 |  72.00   72   0  8 0 0  0  0 |  1.608e+14  4.814e+15  4.814e+15  1.431e+17     0        - -
 262  1  5.144e+15 1.444e+14  418  456 CRUISE 3 184   8  64   2  416 |  72.00   72   0  8 0 0  0  0 |  1.608e+14  4.815e+15  4.815e+15  1.433e+17     0        - -
 263  1  5.144e+15 1.445e+14  418  456 CRUISE 3 184   8  64   2  416 |  72.00   72   0  8 0 0  0  0 |  1.608e+14  4.817e+15  4.817e+15  1.434e+17     0        - -
 264  1  5.145e+15 1.445e+14  418  456 CRUISE 3 184   8  64   2  416 |  72.00   72   0  8 0 0  0  0 |  1.608e+14  4.818e+15  4.818e+15  1.436e+17     0        - -
 265  1  5.145e+15 1.445e+14  418  456 CRUISE 3 184   8  64   2  416 |  72.00   72   0  8 0 0  0  0 |  1.608e+14  4.819e+15  4.819e+15  1.438e+17     0        - -
 266  1  5.145e+15 1.446e+14  418  456 CRUISE 3 184   8  64   2  416 |  72.00   72   0  8 0 0  0  0 |  1.608e+14  4.821e+15  4.821e+15  1.439e+17     0        - -
 267  1  5.145e+15 1.446e+14  418  456 CRUISE 3 184   8  64   2  416 |  72.00   72   0  8 0 0  0  0 |  1.608e+14  4.822e+15  4.822e+15  1.441e+17     0        - -
 268  1  5.145e+15 1.447e+14  418  456 CRUISE 3 184   8  64   2  416 |  72.00   72   0  8 0 0  0  0 |  1.608e+14  4.823e+15  4.823e+15  1.442e+17     0        - -
 269  1  5.145e+15 1.447e+14  418  457 CRUISE 3 184   8  64   2  416 |  72.00   72   0  8 0 0  0  0 |  1.608e+14  4.825e+15  4.825e+15  1.444e+17     0        - -
 270  1  5.145e+15 1.447e+14  418  457 CRUISE 3 184   8  64   2  416 |  72.00   72   0  8 0 0  0  0 |  1.608e+14  4.826e+15  4.826e+15  1.446e+17     0        - -
 271  1  5.145e+15 1.448e+14  418  457 CRUISE 3 184   8  64   2  416 |  72.00   72   0  8 0 0  0  0 |  1.608e+14  4.827e+15  4.827e+15  1.447e+17     0        - -
 272  1  5.145e+15 1.448e+14  418  457 CRUISE 3 184   8  64   2  416 |  72.00   72   0  8 0 0  0  0 |  1.608e+14  4.828e+15  4.828e+15  1.449e+17     0        - -
 273  1  5.145e+15 1.449e+14  418  457 CRUISE 3 184   8  64   2  416 |  72.00   72   0  8 0 0  0  0 |  1.608e+14  4.830e+15  4.830e+15  1.450e+17     0        - -
 274  1  5.145e+15 1.449e+14  418  457 CRUISE 3 184   8  64   2  416 |  72.00   72   0  8 0 0  0  0 |  1.608e+14  4.831e+15  4.831e+15  1.452e+17     0        - -
 275  1  5.145e+15 1.449e+14  418  457 CRUISE 3 184   8  64   2  416 |  72.00   72   0  8 0 0  0  0 |  1.608e+14  4.832e+15  4.832e+15  1.453e+17     0        - -
 276  1  5.145e+15 1.450e+14  418  457 CRUISE 3 184   8  64   2  416 |  72.00   72   0  8 0 0  0  0 |  1.608e+14  4.833e+15  4.833e+15  1.455e+17     0        - -
 277  1  5.145e+15 1.450e+14  418  457 CRUISE 3 184   8  64   2  416 |  72.00   72   0  8 0 0  0  0 |  1.608e+14  4.835e+15  4.835e+15  1.456e+17     0        - -
 278  1  5.145e+15 1.450e+14  418  457 CRUISE 3 184   8  64   2  416 |  72.00   72   0  8 0 0  0  0 |  1.608e+14  4.836e+15  4.836e+15  1.458e+17     0        - -
 279  1  5.145e+15 1.451e+14  418  457 CRUISE 3 184   8  64   2  416 |  72.00   72   0  8 0 0  0  0 |  1.608e+14  4.837e+15  4.837e+15  1.459e+17     0        - -
 280  1  5.145e+15 1.451e+14  418  457 CRUISE 3 184   8  64   2  416 |  72.00   72   0  8 0 0  0  0 |  1.608e+14  4.838e+15  4.838e+15  1.461e+17     0        - -
 281  1  5.145e+15 1.451e+14  418  457 CRUISE 3 184   8  64   2  416 |  72.00   72   0  8 0 0  0  0 |  1.608e+14  4.839e+15  4.839e+15  1.462e+17     0        - -
 282  1  5.145e+15 1.452e+14  418  457 CRUISE 3 184   8  64   2  416 |  72.00   72   0  8 0 0  0  0 |  1.608e+14  4.840e+15  4.840e+15  1.464e+17     0        - -
 283  1  5.145e+15 1.452e+14  418  457 CRUISE 3 184   8  64   2  416 |  72.00   72   0  8 0 0  0  0 |  1.608e+14  4.842e+15  4.842e+15  1.465e+17     0        - -
 284  1  5.145e+15 1.452e+14  418  457 CRUISE 3 184   8  64   2  416 |  72.00   72   0  8 0 0  0  0 |  1.608e+14  4.843e+15  4.843e+15  1.466e+17     0        - -
 285  1  5.145e+15 1.453e+14  418  457 CRUISE 3 184   8  64   2  416 |  72.00   72   0  8 0 0  0  0 |  1.608e+14  4.844e+15  4.844e+15  1.468e+17     0        - -
 286  1  5.145e+15 1.453e+14  418  457 CRUISE 3 184   8  64   2  416 |  72.00   72   0  8 0 0  0  0 |  1.608e+14  4.845e+15  4.845e+15  1.469e+17     0        - -
 287  1  5.145e+15 1.453e+14  418  457 CRUISE 3 184   8  64   2  416 |  72.00   72   0  8 0 0  0  0 |  1.608e+14  4.846e+15  4.846e+15  1.471e+17     0        - -
 288  1  5.145e+15 1.454e+14  418  457 CRUISE 3 184   8  64   2  416 |  72.00   72   0  8 0 0  0  0 |  1.608e+14  4.847e+15  4.847e+15  1.472e+17     0        - -
 289  1  5.145e+15 1.454e+14  418  457 CRUISE 3 184   8  64   2  416 |  72.00   72   0  8 0 0  0  0 |  1.608e+14  4.848e+15  4.848e+15  1.473e+17     0        - -
 290  1  5.145e+15 1.454e+14  418  457 CRUISE 3 184   8  64   2  416 |  72.00   72   0  8 0 0  0  0 |  1.608e+14  4.849e+15  4.849e+15  1.475e+17     0        - -
 291  1  5.145e+15 1.455e+14  418  457 CRUISE 3 184   8  64   2  416 |  72.00   72   0  8 0 0  0  0 |  1.608e+14  4.850e+15  4.850e+15  1.476e+17     0        - -
 292  1  5.146e+15 1.455e+14  418  457 CRUISE 3 184   8  64   2  416 |  72.00   72   0  8 0 0  0  0 |  1.608e+14  4.852e+15  4.852e+15  1.477e+17     0        - -
 293  1  5.146e+15 1.455e+14  418  457 CRUISE 3 184   8  64   2  416 |  72.00   72   0  8 0 0  0  0 |  1.608e+14  4.853e+15  4.853e+15  1.479e+17     0        - -
 294  1  5.146e+15 1.456e+14  418  457 CRUISE 3 184   8  64   2  416 |  72.00   72   0  8 0 0  0  0 |  1.608e+14  4.854e+15  4.854e+15  1.480e+17     0        - -
 295  1  5.146e+15 1.456e+14  418  457 CRUISE 3 184   8  64   2  416 |  72.00   72   0  8 0 0  0  0 |  1.608e+14  4.855e+15  4.855e+15  1.481e+17     0        - -
 296  1  5.146e+15 1.456e+14  418  457 CRUISE 3 184   8  64   2  416 |  72.00   72   0  8 0 0  0  0 |  1.608e+14  4.856e+15  4.856e+15  1.483e+17     0        - -
 297  1  5.146e+15 1.457e+14  418  457 CRUISE 3 184   8  64   2  416 |  72.00   72   0  8 0 0  0  0 |  1.608e+14  4.857e+15  4.857e+15  1.484e+17     0        - -
 298  1  5.146e+15 1.457e+14  418  457 CRUISE 3 184   8  64   2  416 |  72.00   72   0  8 0 0  0  0 |  1.608e+14  4.858e+15  4.858e+15  1.485e+17     0        - -
 299  1  5.146e+15 1.457e+14  418  457 CRUISE 3 184   8  64   2  416 |  72.00   72   0  8 0 0  0  0 |  1.608e+14  4.859e+15  4.859e+15  1.486e+17     0        - -
 300  1  5.146e+15 1.458e+14  418  457 CRUISE 3 184   8  64   2  416 |  72.00   72   0  8 0 0  0  0 |  1.608e+14  4.860e+15  4.860e+15  1.488e+17     0        - -
 301  1  5.146e+15 1.458e+14  418  457 CRUISE 3 184   8  64   2  416 |  72.00   72   0  8 0 0  0  0 |  1.608e+14  4.861e+15  4.861e+15  1.489e+17     0        - -
 302  1  5.146e+15 1.458e+14  418  457 CRUISE 3 184   8  64   2  416 |  72.00   72   0  8 0 0  0  0 |  1.608e+14  4.862e+15  4.862e+15  1.490e+17     0        - -
 303  1  5.146e+15 1.459e+14  418  457 CRUISE 3 184   8  64   2  416 |  72.00   72   0  8 0 0  0  0 |  1.608e+14  4.863e+15  4.863e+15  1.491e+17     0        - -
 304  1  5.146e+15 1.459e+14  418  457 CRUISE 3 184   8  64   2  416 |  72.00   72   0  8 0 0  0  0 |  1.608e+14  4.864e+15  4.864e+15  1.493e+17     0        - -
 305  1  5.146e+15 1.459e+14  418  457 CRUISE 3 184   8  64   2  416 |  72.00   72   0  8 0 0  0  0 |  1.608e+14  4.865e+15  4.865e+15  1.494e+17     0        - -
 306  1  5.146e+15 1.459e+14  418  457 CRUISE 3 184   8  64   2  416 |  72.00   72   0  8 0 0  0  0 |  1.608e+14  4.866e+15  4.866e+15  1.495e+17     0        - -
 307  1  5.146e+15 1.460e+14  418  457 CRUISE 3 184   8  64   2  416 |  72.00   72   0  8 0 0  0  0 |  1.608e+14  4.867e+15  4.867e+15  1.496e+17     0        - -
 308  1  5.146e+15 1.460e+14  418  457 CRUISE 3 184   8  64   2  416 |  72.00   72   0  8 0 0  0  0 |  1.608e+14  4.868e+15  4.868e+15  1.497e+17     0        - -
 309  1  5.146e+15 1.460e+14  418  457 CRUISE 3 184   8  64   2  416 |  72.00   72   0  8 0 0  0  0 |  1.608e+14  4.869e+15  4.869e+15  1.499e+17     0        - -
 310  1  5.146e+15 1.461e+14  418  457 CRUISE 3 184   8  64   2  416 |  72.00   72   0  8 0 0  0  0 |  1.608e+14  4.869e+15  4.869e+15  1.500e+17     0        - -
 311  1  5.146e+15 1.461e+14  418  457 CRUISE 3 184   8  64   2  416 |  72.00   72   0  8 0 0  0  0 |  1.608e+14  4.870e+15  4.870e+15  1.501e+17     0        - -
 312  1  5.146e+15 1.461e+14  418  457 CRUISE 3 184   8  64   2  416 |  72.00   72   0  8 0 0  0  0 |  1.608e+14  4.871e+15  4.871e+15  1.502e+17     0        - -
 313  1  5.146e+15 1.461e+14  418  457 CRUISE 3 184   8  64   2  416 |  72.00   72   0  8 0 0  0  0 |  1.608e+14  4.872e+15  4.872e+15  1.503e+17     0        - -
 314  1  5.146e+15 1.462e+14  418  457 CRUISE 3 184   8  64   2  416 |  72.00   72   0  8 0 0  0  0 |  1.608e+14  4.873e+15  4.873e+15  1.504e+17     0        - -
 315  1  5.146e+15 1.462e+14  418  457 CRUISE 3 184   8  64   2  416 |  72.00   72   0  8 0 0  0  0 |  1.608e+14  4.874e+15  4.874e+15  1.505e+17     0        - -
 316  1  5.146e+15 1.462e+14  418  457 CRUISE 3 184   8  64   2  416 |  72.00   72   0  8 0 0  0  0 |  1.608e+14  4.875e+15  4.875e+15  1.506e+17     0        - -
 317  1  5.146e+15 1.462e+14  418  457 CRUISE 3 184   8  64   2  416 |  72.00   72   0  8 0 0  0  0 |  1.608e+14  4.876e+15  4.876e+15  1.508e+17     0        - -
 318  1  5.146e+15 1.463e+14  418  457 CRUISE 3 184   8  64   2  416 |  72.00   72   0  8 0 0  0  0 |  1.608e+14  4.877e+15  4.877e+15  1.509e+17     0        - -
 319  1  5.146e+15 1.463e+14  418  457 CRUISE 3 184   8  64   2  416 |  72.00   72   0  8 0 0  0  0 |  1.608e+14  4.878e+15  4.878e+15  1.510e+17     0        - -
 320  1  5.146e+15 1.463e+14  418  457 CRUISE 3 184   8  64   2  416 |  72.00   72   0  8 0 0  0  0 |  1.608e+14  4.878e+15  4.878e+15  1.511e+17     0        - -
 321  1  5.146e+15 1.464e+14  418  457 CRUISE 3 184   8  64   2  416 |  72.00   72   0  8 0 0  0  0 |  1.608e+14  4.879e+15  4.879e+15  1.512e+17     0        - -
 322  1  5.146e+15 1.464e+14  418  457 CRUISE 3 184   8  64   2  416 |  72.00   72   0  8 0 0  0  0 |  1.608e+14  4.880e+15  4.880e+15  1.513e+17     0        - -
 323  1  5.146e+15 1.464e+14  418  457 CRUISE 3 184   8  64   2  416 |  72.00   72   0  8 0 0  0  0 |  1.608e+14  4.881e+15  4.881e+15  1.514e+17     0        - -
 324  1  5.146e+15 1.464e+14  418  457 CRUISE 3 184   8  64   2  416 |  72.00   72   0  8 0 0  0  0 |  1.608e+14  4.882e+15  4.882e+15  1.515e+17     0        - -
 325  1  5.146e+15 1.465e+14  418  457 CRUISE 3 184   8  64   2  416 |  72.00   72   0  8 0 0  0  0 |  1.608e+14  4.883e+15  4.883e+15  1.516e+17     0        - -
 326  1  5.146e+15 1.465e+14  418  457 CRUISE 3 184   8  64   2  416 |  72.00   72   0  8 0 0  0  0 |  1.608e+14  4.883e+15  4.883e+15  1.517e+17     0        - -
 327  1  5.147e+15 1.465e+14  418  457 CRUISE 3 184   8  64   2  416 |  72.00   72   0  8 0 0  0  0 |  1.608e+14  4.884e+15  4.884e+15  1.518e+17     0        - -
 328  1  5.147e+15 1.465e+14  418  457 CRUISE 3 184   8  64   2  416 |  72.00   72   0  8 0 0  0  0 |  1.608e+14  4.885e+15  4.885e+15  1.519e+17     0        - -
 329  1  5.147e+15 1.466e+14  418  457 CRUISE 3 184   8  64   2  416 |  72.00   72   0  8 0 0  0  0 |  1.608e+14  4.886e+15  4.886e+15  1.520e+17     0        - -
 330  1  5.147e+15 1.466e+14  418  457 CRUISE 3 184   8  64   2  416 |  72.00   72   0  8 0 0  0  0 |  1.608e+14  4.887e+15  4.887e+15  1.521e+17     0        - -
 331  1  5.147e+15 1.466e+14  418  457 CRUISE 3 184   8  64   2  416 |  72.00   72   0  8 0 0  0  0 |  1.608e+14  4.887e+15  4.887e+15  1.522e+17     0        - -
 332  1  5.147e+15 1.466e+14  418  457 CRUISE 3 184   8  64   2  416 |  72.00   72   0  8 0 0  0  0 |  1.608e+14  4.888e+15  4.888e+15  1.523e+17     0        - -
 333  1  5.147e+15 1.466e+14  418  457 CRUISE 3 184   8  64   2  416 |  72.00   72   0  8 0 0  0  0 |  1.608e+14  4.889e+15  4.889e+15  1.524e+17     0        - -
 334  1  5.147e+15 1.467e+14  418  457 CRUISE 3 184   8  64   2  416 |  72.00   72   0  8 0 0  0  0 |  1.608e+14  4.890e+15  4.890e+15  1.525e+17     0        - -
 335  1  5.147e+15 1.467e+14  418  457 CRUISE 3 184   8  64   2  416 |  72.00   72   0  8 0 0  0  0 |  1.608e+14  4.891e+15  4.891e+15  1.526e+17     0        - -
 336  1  5.147e+15 1.467e+14  418  457 CRUISE 3 184   8  64   2  416 |  72.00   72   0  8 0 0  0  0 |  1.608e+14  4.891e+15  4.891e+15  1.527e+17     0        - -
 337  1  5.147e+15 1.467e+14  418  457 CRUISE 3 184   8  64   2  416 |  72.00   72   0  8 0 0  0  0 |  1.608e+14  4.892e+15  4.892e+15  1.528e+17     0        - -
 338  1  5.147e+15 1.468e+14  418  457 CRUISE 3 184   8  64   2  416 |  72.00   72   0  8 0 0  0  0 |  1.608e+14  4.893e+15  4.893e+15  1.529e+17     0        - -
 339  1  5.147e+15 1.468e+14  418  457 CRUISE 3 184   8  64   2  416 |  72.00   72   0  8 0 0  0  0 |  1.608e+14  4.894e+15  4.894e+15  1.530e+17     0        - -
 340  1  5.147e+15 1.468e+14  418  457 CRUISE 3 184   8  64   2  416 |  72.00   72   0  8 0 0  0  0 |  1.608e+14  4.894e+15  4.894e+15  1.531e+17     0        - -
 341  1  5.147e+15 1.468e+14  418  457 CRUISE 3 184   8  64   2  416 |  72.00   72   0  8 0 0  0  0 |  1.608e+14  4.895e+15  4.895e+15  1.531e+17     0        - -
 342  1  5.147e+15 1.469e+14  418  457 CRUISE 3 184   8  64   2  416 |  72.00   72   0  8 0 0  0  0 |  1.608e+14  4.896e+15  4.896e+15  1.532e+17     0        - -
 343  1  5.147e+15 1.469e+14  418  457 CRUISE 3 184   8  64   2  416 |  72.00   72   0  8 0 0  0  0 |  1.608e+14  4.896e+15  4.896e+15  1.533e+17     0        - -
 344  1  5.147e+15 1.469e+14  418  457 CRUISE 3 184   8  64   2  416 |  72.00   72   0  8 0 0  0  0 |  1.608e+14  4.897e+15  4.897e+15  1.534e+17     0        - -
 345  1  5.147e+15 1.469e+14  418  457 CRUISE 3 184   8  64   2  416 |  72.00   72   0  8 0 0  0  0 |  1.608e+14  4.898e+15  4.898e+15  1.535e+17     0        - -
 346  1  5.147e+15 1.469e+14  418  457 CRUISE 3 184   8  64   2  416 |  72.00   72   0  8 0 0  0  0 |  1.608e+14  4.899e+15  4.899e+15  1.536e+17     0        - -
 347  1  5.147e+15 1.470e+14  418  457 CRUISE 3 184   8  64   2  416 |  72.00   72   0  8 0 0  0  0 |  1.608e+14  4.899e+15  4.899e+15  1.537e+17     0        - -
 348  1  5.147e+15 1.470e+14  418  457 CRUISE 3 184   8  64   2  416 |  72.00   72   0  8 0 0  0  0 |  1.608e+14  4.900e+15  4.900e+15  1.538e+17     0        - -
 349  1  5.147e+15 1.470e+14  418  457 CRUISE 3 184   8  64   2  416 |  72.00   72   0  8 0 0  0  0 |  1.608e+14  4.901e+15  4.901e+15  1.538e+17     0        - -
 350  1  5.147e+15 1.470e+14  418  457 CRUISE 3 184   8  64   2  416 |  72.00   72   0  8 0 0  0  0 |  1.608e+14  4.901e+15  4.901e+15  1.539e+17     0        - -
 351  1  5.147e+15 1.470e+14  418  457 CRUISE 3 184   8  64   2  416 |  72.00   72   0  8 0 0  0  0 |  1.608e+14  4.902e+15  4.902e+15  1.540e+17     0        - -
 352  1  5.147e+15 1.471e+14  418  457 CRUISE 3 184   8  64   2  416 |  72.00   72   0  8 0 0  0  0 |  1.608e+14  4.903e+15  4.903e+15  1.541e+17     0        - -
 353  1  5.147e+15 1.471e+14  418  457 CRUISE 3 184   8  64   2  416 |  72.00   72   0  8 0 0  0  0 |  1.608e+14  4.903e+15  4.903e+15  1.542e+17     0        - -
 354  1  5.147e+15 1.471e+14  418  457 CRUISE 3 184   8  64   2  416 |  72.00   72   0  8 0 0  0  0 |  1.608e+14  4.904e+15  4.904e+15  1.543e+17     0        - -
 355  1  5.147e+15 1.471e+14  418  457 CRUISE 3 184   8  64   2  416 |  72.00   72   0  8 0 0  0  0 |  1.608e+14  4.905e+15  4.905e+15  1.543e+17     0        - -
 356  1  5.147e+15 1.471e+14  418  457 CRUISE 3 184   8  64   2  416 |  72.00   72   0  8 0 0  0  0 |  1.608e+14  4.905e+15  4.905e+15  1.544e+17     0        - -
 357  1  5.147e+15 1.472e+14  418  457 CRUISE 3 184   8  64   2  416 |  72.00   72   0  8 0 0  0  0 |  1.608e+14  4.906e+15  4.906e+15  1.545e+17     0        - -
 358  1  5.147e+15 1.472e+14  418  457 CRUISE 3 184   8  64   2  416 |  72.00   72   0  8 0 0  0  0 |  1.608e+14  4.907e+15  4.907e+15  1.546e+17     0        - -
 359  1  5.147e+15 1.472e+14  418  457 CRUISE 3 184   8  64   2  416 |  72.00   72   0  8 0 0  0  0 |  1.608e+14  4.907e+15  4.907e+15  1.547e+17     0        - -
 360  1  5.147e+15 1.472e+14  418  457 CRUISE 3 184   8  64   2  416 |  72.00   72   0  8 0 0  0  0 |  1.609e+14  4.908e+15  4.908e+15  1.547e+17     0        - -
 361  1  5.147e+15 1.472e+14  418  457 CRUISE 3 184   8  64   2  416 |  72.00   72   0  8 0 0  0  0 |  1.609e+14  4.909e+15  4.909e+15  1.548e+17     0        - -
 362  1  5.147e+15 1.473e+14  418  457 CRUISE 3 184   8  64   2  416 |  72.00   72   0  8 0 0  0  0 |  1.609e+14  4.909e+15  4.909e+15  1.549e+17     0        - -
 363  1  5.147e+15 1.473e+14  418  457 CRUISE 3 184   8  64   2  416 |  72.00   72   0  8 0 0  0  0 |  1.609e+14  4.910e+15  4.910e+15  1.550e+17     0        - -
 364  1  5.147e+15 1.473e+14  418  457 CRUISE 3 184   8  64   2  416 |  72.00   72   0  8 0 0  0  0 |  1.609e+14  4.910e+15  4.910e+15  1.551e+17     0        - -
 365  1  5.147e+15 1.473e+14  418  457 CRUISE 3 184   8  64   2  416 |  72.00   72   0  8 0 0  0  0 |  1.609e+14  4.911e+15  4.911e+15  1.551e+17     0        - -
 366  1  5.147e+15 1.473e+14  418  457 CRUISE 3 184   8  64   2  416 |  72.00   72   0  8 0 0  0  0 |  1.609e+14  4.912e+15  4.912e+15  1.552e+17     0        - -
 367  1  5.147e+15 1.473e+14  418  457 CRUISE 3 184   8  64   2  416 |  72.00   72   0  8 0 0  0  0 |  1.609e+14  4.912e+15  4.912e+15  1.553e+17     0        - -
 368  1  5.147e+15 1.474e+14  418  457 CRUISE 3 184   8  64   2  416 |  72.00   72   0  8 0 0  0  0 |  1.609e+14  4.913e+15  4.913e+15  1.554e+17     0        - -
 369  1  5.147e+15 1.474e+14  418  457 CRUISE 3 184   8  64   2  416 |  72.00   72   0  8 0 0  0  0 |  1.609e+14  4.913e+15  4.913e+15  1.554e+17     0        - -
 370  1  5.147e+15 1.474e+14  418  457 CRUISE 3 184   8  64   2  416 |  72.00   72   0  8 0 0  0  0 |  1.609e+14  4.914e+15  4.914e+15  1.555e+17     0        - -
 371  1  5.147e+15 1.474e+14  418  457 CRUISE 3 184   8  64   2  416 |  72.00   72   0  8 0 0  0  0 |  1.609e+14  4.915e+15  4.915e+15  1.556e+17     0        - -
 372  1  5.147e+15 1.474e+14  418  457 CRUISE 3 184   8  64   2  416 |  72.00   72   0  8 0 0  0  0 |  1.609e+14  4.915e+15  4.915e+15  1.556e+17     0        - -
 373  1  5.147e+15 1.475e+14  418  457 CRUISE 3 184   8  64   2  416 |  72.00   72   0  8 0 0  0  0 |  1.609e+14  4.916e+15  4.916e+15  1.557e+17     0        - -
 374  1  5.147e+15 1.475e+14  418  457 CRUISE 3 184   8  64   2  416 |  72.00   72   0  8 0 0  0  0 |  1.609e+14  4.916e+15  4.916e+15  1.558e+17     0        - -
 375  1  5.147e+15 1.475e+14  418  457 CRUISE 3 184   8  64   2  416 |  72.00   72   0  8 0 0  0  0 |  1.609e+14  4.917e+15  4.917e+15  1.559e+17     0        - -
 376  1  5.148e+15 1.475e+14  418  457 CRUISE 3 184   8  64   2  416 |  72.00   72   0  8 0 0  0  0 |  1.609e+14  4.917e+15  4.917e+15  1.559e+17     0        - -
 377  1  5.148e+15 1.475e+14  418  457 CRUISE 3 184   8  64   2  416 |  72.00   72   0  8 0 0  0  0 |  1.609e+14  4.918e+15  4.918e+15  1.560e+17     0        - -
 378  1  5.148e+15 1.475e+14  418  457 CRUISE 3 184   8  64   2  416 |  72.00   72   0  8 0 0  0  0 |  1.609e+14  4.918e+15  4.918e+15  1.561e+17     0        - -
 379  1  5.148e+15 1.476e+14  418  457 CRUISE 3 184   8  64   2  416 |  72.00   72   0  8 0 0  0  0 |  1.609e+14  4.919e+15  4.919e+15  1.561e+17     0        - -
 380  1  5.148e+15 1.476e+14  418  457 CRUISE 3 184   8  64   2  416 |  72.00   72   0  8 0 0  0  0 |  1.609e+14  4.920e+15  4.920e+15  1.562e+17     0        - -
 381  1  5.148e+15 1.476e+14  418  457 CRUISE 3 184   8  64   2  416 |  72.00   72   0  8 0 0  0  0 |  1.609e+14  4.920e+15  4.920e+15  1.563e+17     0        - -
 382  1  5.148e+15 1.476e+14  418  457 CRUISE 3 184   8  64   2  416 |  72.00   72   0  8 0 0  0  0 |  1.609e+14  4.921e+15  4.921e+15  1.563e+17     0        - -
 383  1  5.148e+15 1.476e+14  418  457 CRUISE 3 184   8  64   2  416 |  72.00   72   0  8 0 0  0  0 |  1.609e+14  4.921e+15  4.921e+15  1.564e+17     0        - -
 384  1  5.148e+15 1.476e+14  418  457 CRUISE 3 184   8  64   2  416 |  72.00   72   0  8 0 0  0  0 |  1.609e+14  4.922e+15  4.922e+15  1.565e+17     0        - -
 385  1  5.148e+15 1.477e+14  418  457 CRUISE 3 184   8  64   2  416 |  72.00   72   0  8 0 0  0  0 |  1.609e+14  4.922e+15  4.922e+15  1.565e+17     0        - -
 386  1  5.148e+15 1.477e+14  418  457 CRUISE 3 184   8  64   2  416 |  72.00   72   0  8 0 0  0  0 |  1.609e+14  4.923e+15  4.923e+15  1.566e+17     0        - -
 387  1  5.148e+15 1.477e+14  418  457 CRUISE 3 184   8  64   2  416 |  72.00   72   0  8 0 0  0  0 |  1.609e+14  4.923e+15  4.923e+15  1.566e+17     0        - -
 388  1  5.148e+15 1.477e+14  418  457 CRUISE 3 184   8  64   2  416 |  72.00   72   0  8 0 0  0  0 |  1.609e+14  4.924e+15  4.924e+15  1.567e+17     0        - -
 389  1  5.148e+15 1.477e+14  418  457 CRUISE 3 184   8  64   2  416 |  72.00   72   0  8 0 0  0  0 |  1.609e+14  4.924e+15  4.924e+15  1.568e+17     0        - -
 390  1  5.148e+15 1.477e+14  418  457 CRUISE 3 184   8  64   2  416 |  72.00   72   0  8 0 0  0  0 |  1.609e+14  4.925e+15  4.925e+15  1.568e+17     0        - -
 391  1  5.148e+15 1.477e+14  418  457 CRUISE 3 184   8  64   2  416 |  72.00   72   0  8 0 0  0  0 |  1.609e+14  4.925e+15  4.925e+15  1.569e+17     0        - -
 392  1  5.148e+15 1.478e+14  418  457 CRUISE 3 184   8  64   2  416 |  72.00   72   0  8 0 0  0  0 |  1.609e+14  4.926e+15  4.926e+15  1.570e+17     0        - -
 393  1  5.148e+15 1.478e+14  418  457 CRUISE 3 184   8  64   2  416 |  72.00   72   0  8 0 0  0  0 |  1.609e+14  4.926e+15  4.926e+15  1.570e+17     0        - -
 394  1  5.148e+15 1.478e+14  418  457 CRUISE 3 184   8  64   2  416 |  72.00   72   0  8 0 0  0  0 |  1.609e+14  4.927e+15  4.927e+15  1.571e+17     0        - -
 395  1  5.148e+15 1.478e+14  418  457 CRUISE 3 184   8  64   2  416 |  72.00   72   0  8 0 0  0  0 |  1.609e+14  4.927e+15  4.927e+15  1.571e+17     0        - -
 396  1  5.148e+15 1.478e+14  418  457 CRUISE 3 184   8  64   2  416 |  72.00   72   0  8 0 0  0  0 |  1.609e+14  4.928e+15  4.928e+15  1.572e+17     0        - -
 397  1  5.148e+15 1.478e+14  418  457 CRUISE 3 184   8  64   2  416 |  72.00   72   0  8 0 0  0  0 |  1.609e+14  4.928e+15  4.928e+15  1.573e+17     0        - -
 398  1  5.148e+15 1.478e+14  418  457 CRUISE 3 184   8  64   2  416 |  72.00   72   0  8 0 0  0  0 |  1.609e+14  4.929e+15  4.929e+15  1.573e+17     0        - -
 399  1  5.148e+15 1.479e+14  418  457 CRUISE 3 184   8  64   2  416 |  72.00   72   0  8 0 0  0  0 |  1.609e+14  4.929e+15  4.929e+15  1.574e+17     0        - -
 400  1  5.148e+15 1.479e+14  418  457 CRUISE 3 184   8  64   2  416 |  72.00   72   0  8 0 0  0  0 |  1.609e+14  4.930e+15  4.930e+15  1.574e+17     0        - -

steady                 ep  400 settles  400  in 2.000e+18  allow   5.1%  bought  87.0%  left   7.9%  maxRes  31.5 ep  tier 3  clamp 0  {'CRUISE': 400}  [echo 2.7%]
