Inflows below the floor (1e11..8e12 wei). Nothing should be classed as live.

  ep dt     inflow  TAX  RES   mode T buy alw res REL CEIL |      A   PK  dd LV W S CD TR |      allow     bought    reserve clamp flags
----------------------------------------------------------------------------------------------------------------------------------------
   1  1  3.000e+12  331    0   IDLE 0 144  48  64   2  440 |   0.00    0   0  0 0 0  0  0 |  5.625e+11  1.688e+12  7.500e+11     0 quiet
   2  1  8.000e+12  343  315   IDLE 0 144  48  64   2  440 |   0.00    0   0  0 0 0  0  0 |  1.500e+12  4.506e+12  2.744e+12     0 quiet
   3  1  1.000e+11  292  330   IDLE 0 144  48  64   2  440 |   0.00    0   0  0 0 0  0  0 |  1.875e+10  7.769e+10  2.748e+12     0 quiet
   4  1  8.000e+12  343  330   IDLE 0 144  48  64   2  440 |   0.00    0   0  0 0 0  0  0 |  1.500e+12  4.521e+12  4.726e+12     0 quiet
   5  1  8.000e+12  343  337   IDLE 0 144  48  64   2  440 |   0.00    0   0  0 0 0  0  0 |  1.500e+12  4.537e+12  6.689e+12     0 quiet
   6  1  3.000e+12  331  341   IDLE 0 144  48  64   2  440 |   0.00    0   0  0 0 0  0  0 |  5.625e+11  1.740e+12  7.387e+12     0 quiet
   7  1          0    0  342   IDLE 0 144  48  64   2  440 |   0.00    0   0  0 0 0  0  0 |          0  5.771e+10  7.329e+12     0 quiet
   8  1          0    0  342   IDLE 0 144  48  64   2  440 |   0.00    0   0  0 0 0  0  0 |          0  5.726e+10  7.272e+12     0 quiet
   9  1  3.000e+12  331  342   IDLE 0 144  48  64   2  440 |   0.00    0   0  0 0 0  0  0 |  5.625e+11  1.744e+12  7.965e+12     0 quiet
  10  1  1.000e+11  292  343   IDLE 0 144  48  64   2  440 |   0.00    0   0  0 0 0  0  0 |  1.875e+10  1.185e+11  7.928e+12     0 quiet
  11  1          0    0  343   IDLE 0 144  48  64   2  440 |   0.00    0   0  0 0 0  0  0 |          0  6.194e+10  7.866e+12     0 quiet
  12  1          0    0  343   IDLE 0 144  48  64   2  440 |   0.00    0   0  0 0 0  0  0 |          0  6.145e+10  7.805e+12     0 quiet
  13  1          0    0  343   IDLE 0 144  48  64   2  440 |   0.00    0   0  0 0 0  0  0 |          0  6.097e+10  7.744e+12     0 quiet
  14  1          0    0  343   IDLE 0 144  48  64   2  440 |   0.00    0   0  0 0 0  0  0 |          0  6.050e+10  7.683e+12     0 quiet
  15  1          0    0  342   IDLE 0 144  48  64   2  440 |   0.00    0   0  0 0 0  0  0 |          0  6.002e+10  7.623e+12     0 quiet
  16  1          0    0  342   IDLE 0 144  48  64   2  440 |   0.00    0   0  0 0 0  0  0 |          0  5.956e+10  7.564e+12     0 quiet
  17  1          0    0  342   IDLE 0 144  48  64   2  440 |   0.00    0   0  0 0 0  0  0 |          0  5.909e+10  7.505e+12     0 quiet
  18  1  1.000e+11  292  342   IDLE 0 144  48  64   2  440 |   0.00    0   0  0 0 0  0  0 |  1.875e+10  1.149e+11  7.471e+12     0 quiet
  19  1          0    0  342   IDLE 0 144  48  64   2  440 |   0.00    0   0  0 0 0  0  0 |          0  5.837e+10  7.413e+12     0 quiet
  20  1          0    0  342   IDLE 0 144  48  64   2  440 |   0.00    0   0  0 0 0  0  0 |          0  5.791e+10  7.355e+12     0 quiet
  21  1  1.000e+11  292  342   IDLE 0 144  48  64   2  440 |   0.00    0   0  0 0 0  0  0 |  1.875e+10  1.137e+11  7.322e+12     0 quiet
  22  1          0    0  342   IDLE 0 144  48  64   2  440 |   0.00    0   0  0 0 0  0  0 |          0  5.720e+10  7.265e+12     0 quiet
  23  1          0    0  342   IDLE 0 144  48  64   2  440 |   0.00    0   0  0 0 0  0  0 |          0  5.676e+10  7.208e+12     0 quiet
  24  1          0    0  342   IDLE 0 144  48  64   2  440 |   0.00    0   0  0 0 0  0  0 |          0  5.631e+10  7.152e+12     0 quiet
  25  1          0    0  342   IDLE 0 144  48  64   2  440 |   0.00    0   0  0 0 0  0  0 |          0  5.587e+10  7.096e+12     0 quiet
  26  1          0    0  341   IDLE 0 144  48  64   2  440 |   0.00    0   0  0 0 0  0  0 |          0  5.544e+10  7.041e+12     0 quiet
  27  1          0    0  341   IDLE 0 144  48  64   2  440 |   0.00    0   0  0 0 0  0  0 |          0  5.500e+10  6.986e+12     0 quiet
  28  1  1.000e+11  292  341   IDLE 0 144  48  64   2  440 |   0.00    0   0  0 0 0  0  0 |  1.875e+10  1.108e+11  6.956e+12     0 quiet
  29  1          0    0  341   IDLE 0 144  48  64   2  440 |   0.00    0   0  0 0 0  0  0 |          0  5.434e+10  6.902e+12     0 quiet
  30  1  8.000e+12  343  341   IDLE 0 144  48  64   2  440 |   0.00    0   0  0 0 0  0  0 |  1.500e+12  4.554e+12  8.848e+12     0 quiet
  31  1  8.000e+12  343  345   IDLE 0 144  48  64   2  440 |   0.00    0   0  0 0 0  0  0 |  1.500e+12  4.569e+12  1.078e+13     0 quiet
  32  1          0    0  346   IDLE 0 144  48  64   2  440 |   0.00    0   0  0 0 0  0  0 |          0  8.421e+10  1.069e+13     0 quiet
  33  1          0    0  346   IDLE 0 144  48  64   2  440 |   0.00    0   0  0 0 0  0  0 |          0  8.355e+10  1.061e+13     0 quiet
  34  1          0    0  346   IDLE 0 144  48  64   2  440 |   0.00    0   0  0 0 0  0  0 |          0  8.290e+10  1.053e+13     0 quiet
  35  1          0    0  346   IDLE 0 144  48  64   2  440 |   0.00    0   0  0 0 0  0  0 |          0  8.225e+10  1.045e+13     0 quiet
  36  1          0    0  346   IDLE 0 144  48  64   2  440 |   0.00    0   0  0 0 0  0  0 |          0  8.161e+10  1.036e+13     0 quiet
  37  1          0    0  346   IDLE 0 144  48  64   2  440 |   0.00    0   0  0 0 0  0  0 |          0  8.097e+10  1.028e+13     0 quiet
  38  1  8.000e+12  343  346   IDLE 0 144  48  64   2  440 |   0.00    0   0  0 0 0  0  0 |  1.500e+12  4.580e+12  1.220e+13     0 quiet
  39  1  8.000e+12  343  348   IDLE 0 144  48  64   2  440 |   0.00    0   0  0 0 0  0  0 |  1.500e+12  4.595e+12  1.411e+13     0 quiet
  40  1          0    0  349   IDLE 0 144  48  64   2  440 |   0.00    0   0  0 0 0  0  0 |          0  1.102e+11  1.400e+13     0 quiet
  41  1          0    0  349   IDLE 0 144  48  64   2  440 |   0.00    0   0  0 0 0  0  0 |          0  1.094e+11  1.389e+13     0 quiet
  42  1          0    0  349   IDLE 0 144  48  64   2  440 |   0.00    0   0  0 0 0  0  0 |          0  1.085e+11  1.378e+13     0 quiet
  43  1          0    0  349   IDLE 0 144  48  64   2  440 |   0.00    0   0  0 0 0  0  0 |          0  1.077e+11  1.367e+13     0 quiet
  44  1          0    0  349   IDLE 0 144  48  64   2  440 |   0.00    0   0  0 0 0  0  0 |          0  1.068e+11  1.356e+13     0 quiet
  45  1          0    0  349   IDLE 0 144  48  64   2  440 |   0.00    0   0  0 0 0  0  0 |          0  1.060e+11  1.346e+13     0 quiet
  46  1          0    0  349   IDLE 0 144  48  64   2  440 |   0.00    0   0  0 0 0  0  0 |          0  1.051e+11  1.335e+13     0 quiet
  47  1  8.000e+12  343  349   IDLE 0 144  48  64   2  440 |   0.00    0   0  0 0 0  0  0 |  1.500e+12  4.604e+12  1.525e+13     0 quiet
  48  1  8.000e+12  343  350   IDLE 0 144  48  64   2  440 |   0.00    0   0  0 0 0  0  0 |  1.500e+12  4.619e+12  1.713e+13     0 quiet
  49  1          0    0  352   IDLE 0 144  48  64   2  440 |   0.00    0   0  0 0 0  0  0 |          0  1.338e+11  1.700e+13     0 quiet
  50  1          0    0  352   IDLE 0 144  48  64   2  440 |   0.00    0   0  0 0 0  0  0 |          0  1.328e+11  1.686e+13     0 quiet
  51  1          0    0  352   IDLE 0 144  48  64   2  440 |   0.00    0   0  0 0 0  0  0 |          0  1.317e+11  1.673e+13     0 quiet
  52  1          0    0  352   IDLE 0 144  48  64   2  440 |   0.00    0   0  0 0 0  0  0 |          0  1.307e+11  1.660e+13     0 quiet
  53  1  1.000e+11  292  352   IDLE 0 144  48  64   2  440 |   0.00    0   0  0 0 0  0  0 |  1.875e+10  1.859e+11  1.650e+13     0 quiet
  54  1  3.000e+12  331  352   IDLE 0 144  48  64   2  440 |   0.00    0   0  0 0 0  0  0 |  5.625e+11  1.816e+12  1.712e+13     0 quiet
  55  1  3.000e+12  331  352   IDLE 0 144  48  64   2  440 |   0.00    0   0  0 0 0  0  0 |  5.625e+11  1.821e+12  1.773e+13     0 quiet
  56  1          0    0  353   IDLE 0 144  48  64   2  440 |   0.00    0   0  0 0 0  0  0 |          0  1.385e+11  1.760e+13     0 quiet
  57  1          0    0  353   IDLE 0 144  48  64   2  440 |   0.00    0   0  0 0 0  0  0 |          0  1.375e+11  1.746e+13     0 quiet
  58  1  3.000e+12  331  352   IDLE 0 144  48  64   2  440 |   0.00    0   0  0 0 0  0  0 |  5.625e+11  1.824e+12  1.807e+13     0 quiet
  59  1  8.000e+12  343  353   IDLE 0 144  48  64   2  440 |   0.00    0   0  0 0 0  0  0 |  1.500e+12  4.641e+12  1.993e+13     0 quiet
  60  1          0    0  354   IDLE 0 144  48  64   2  440 |   0.00    0   0  0 0 0  0  0 |          0  1.557e+11  1.977e+13     0 quiet
  61  1  1.000e+11  292  353   IDLE 0 144  48  64   2  440 |   0.00    0   0  0 0 0  0  0 |  1.875e+10  2.107e+11  1.965e+13     0 quiet
  62  1          0    0  353   IDLE 0 144  48  64   2  440 |   0.00    0   0  0 0 0  0  0 |          0  1.535e+11  1.949e+13     0 quiet
  63  1  3.000e+12  331  353   IDLE 0 144  48  64   2  440 |   0.00    0   0  0 0 0  0  0 |  5.625e+11  1.840e+12  2.009e+13     0 quiet
  64  1          0    0  354   IDLE 0 144  48  64   2  440 |   0.00    0   0  0 0 0  0  0 |          0  1.569e+11  1.993e+13     0 quiet
  65  1  3.000e+12  331  354   IDLE 0 144  48  64   2  440 |   0.00    0   0  0 0 0  0  0 |  5.625e+11  1.843e+12  2.053e+13     0 quiet
  66  1          0    0  354   IDLE 0 144  48  64   2  440 |   0.00    0   0  0 0 0  0  0 |          0  1.604e+11  2.037e+13     0 quiet
  67  1  8.000e+12  343  354   IDLE 0 144  48  64   2  440 |   0.00    0   0  0 0 0  0  0 |  1.500e+12  4.659e+12  2.221e+13     0 quiet
  68  1          0    0  355   IDLE 0 144  48  64   2  440 |   0.00    0   0  0 0 0  0  0 |          0  1.735e+11  2.203e+13     0 quiet
  69  1          0    0  355   IDLE 0 144  48  64   2  440 |   0.00    0   0  0 0 0  0  0 |          0  1.721e+11  2.186e+13     0 quiet
  70  1          0    0  354   IDLE 0 144  48  64   2  440 |   0.00    0   0  0 0 0  0  0 |          0  1.708e+11  2.169e+13     0 quiet
  71  1  1.000e+11  292  354   IDLE 0 144  48  64   2  440 |   0.00    0   0  0 0 0  0  0 |  1.875e+10  2.257e+11  2.155e+13     0 quiet
  72  1  8.000e+12  343  354   IDLE 0 144  48  64   2  440 |   0.00    0   0  0 0 0  0  0 |  1.500e+12  4.668e+12  2.338e+13     0 quiet
  73  1  8.000e+12  343  355   IDLE 0 144  48  64   2  440 |   0.00    0   0  0 0 0  0  0 |  1.500e+12  4.683e+12  2.520e+13     0 quiet
  74  1          0    0  356   IDLE 0 144  48  64   2  440 |   0.00    0   0  0 0 0  0  0 |          0  1.968e+11  2.500e+13     0 quiet
  75  1  8.000e+12  343  356   IDLE 0 144  48  64   2  440 |   0.00    0   0  0 0 0  0  0 |  1.500e+12  4.695e+12  2.680e+13     0 quiet
  76  1          0    0  357   IDLE 0 144  48  64   2  440 |   0.00    0   0  0 0 0  0  0 |          0  2.094e+11  2.659e+13     0 quiet
  77  1  8.000e+12  343  357   IDLE 0 144  48  64   2  440 |   0.00    0   0  0 0 0  0  0 |  1.500e+12  4.708e+12  2.839e+13     0 quiet
  78  1  1.000e+11  292  357   IDLE 0 144  48  64   2  440 |   0.00    0   0  0 0 0  0  0 |  1.875e+10  2.780e+11  2.819e+13     0 quiet
  79  1          0    0  357   IDLE 0 144  48  64   2  440 |   0.00    0   0  0 0 0  0  0 |          0  2.202e+11  2.797e+13     0 quiet
  80  1          0    0  357   IDLE 0 144  48  64   2  440 |   0.00    0   0  0 0 0  0  0 |          0  2.185e+11  2.775e+13     0 quiet
  81  1          0    0  357   IDLE 0 144  48  64   2  440 |   0.00    0   0  0 0 0  0  0 |          0  2.168e+11  2.753e+13     0 quiet
  82  1  3.000e+12  331  357   IDLE 0 144  48  64   2  440 |   0.00    0   0  0 0 0  0  0 |  5.625e+11  1.903e+12  2.807e+13     0 quiet
  83  1          0    0  357   IDLE 0 144  48  64   2  440 |   0.00    0   0  0 0 0  0  0 |          0  2.193e+11  2.785e+13     0 quiet
  84  1          0    0  357   IDLE 0 144  48  64   2  440 |   0.00    0   0  0 0 0  0  0 |          0  2.176e+11  2.763e+13     0 quiet
  85  1  3.000e+12  331  357   IDLE 0 144  48  64   2  440 |   0.00    0   0  0 0 0  0  0 |  5.625e+11  1.903e+12  2.817e+13     0 quiet
  86  1  8.000e+12  343  357   IDLE 0 144  48  64   2  440 |   0.00    0   0  0 0 0  0  0 |  1.500e+12  4.720e+12  2.995e+13     0 quiet
  87  1  8.000e+12  343  358   IDLE 0 144  48  64   2  440 |   0.00    0   0  0 0 0  0  0 |  1.500e+12  4.734e+12  3.171e+13     0 quiet
  88  1  3.000e+12  331  359   IDLE 0 144  48  64   2  440 |   0.00    0   0  0 0 0  0  0 |  5.625e+11  1.935e+12  3.221e+13     0 quiet
  89  1          0    0  359   IDLE 0 144  48  64   2  440 |   0.00    0   0  0 0 0  0  0 |          0  2.517e+11  3.196e+13     0 quiet
  90  1          0    0  359   IDLE 0 144  48  64   2  440 |   0.00    0   0  0 0 0  0  0 |          0  2.497e+11  3.171e+13     0 quiet
  91  1  8.000e+12  343  359   IDLE 0 144  48  64   2  440 |   0.00    0   0  0 0 0  0  0 |  1.500e+12  4.748e+12  3.347e+13     0 quiet
  92  1  3.000e+12  331  360   IDLE 0 144  48  64   2  440 |   0.00    0   0  0 0 0  0  0 |  5.625e+11  1.949e+12  3.395e+13     0 quiet
  93  1          0    0  360   IDLE 0 144  48  64   2  440 |   0.00    0   0  0 0 0  0  0 |          0  2.653e+11  3.369e+13     0 quiet
  94  1          0    0  360   IDLE 0 144  48  64   2  440 |   0.00    0   0  0 0 0  0  0 |          0  2.632e+11  3.343e+13     0 quiet
  95  1  8.000e+12  343  360   IDLE 0 144  48  64   2  440 |   0.00    0   0  0 0 0  0  0 |  1.500e+12  4.761e+12  3.516e+13     0 quiet
  96  1          0    0  360   IDLE 0 144  48  64   2  440 |   0.00    0   0  0 0 0  0  0 |          0  2.747e+11  3.489e+13     0 quiet
  97  1  3.000e+12  331  360   IDLE 0 144  48  64   2  440 |   0.00    0   0  0 0 0  0  0 |  5.625e+11  1.960e+12  3.537e+13     0 quiet
  98  1          0    0  361   IDLE 0 144  48  64   2  440 |   0.00    0   0  0 0 0  0  0 |          0  2.763e+11  3.509e+13     0 quiet
  99  1  3.000e+12  331  360   IDLE 0 144  48  64   2  440 |   0.00    0   0  0 0 0  0  0 |  5.625e+11  1.962e+12  3.557e+13     0 quiet
 100  1          0    0  361   IDLE 0 144  48  64   2  440 |   0.00    0   0  0 0 0  0  0 |          0  2.779e+11  3.529e+13     0 quiet
 101  1          0    0  361   IDLE 0 144  48  64   2  440 |   0.00    0   0  0 0 0  0  0 |          0  2.757e+11  3.501e+13     0 quiet
 102  1          0    0  360   IDLE 0 144  48  64   2  440 |   0.00    0   0  0 0 0  0  0 |          0  2.735e+11  3.474e+13     0 quiet
 103  1  1.000e+11  292  360   IDLE 0 144  48  64   2  440 |   0.00    0   0  0 0 0  0  0 |  1.875e+10  3.276e+11  3.449e+13     0 quiet
 104  1          0    0  360   IDLE 0 144  48  64   2  440 |   0.00    0   0  0 0 0  0  0 |          0  2.695e+11  3.422e+13     0 quiet
 105  1  8.000e+12  343  360   IDLE 0 144  48  64   2  440 |   0.00    0   0  0 0 0  0  0 |  1.500e+12  4.767e+12  3.596e+13     0 quiet
 106  1  8.000e+12  343  361   IDLE 0 144  48  64   2  440 |   0.00    0   0  0 0 0  0  0 |  1.500e+12  4.781e+12  3.768e+13     0 quiet
 107  1          0    0  361   IDLE 0 144  48  64   2  440 |   0.00    0   0  0 0 0  0  0 |          0  2.943e+11  3.738e+13     0 quiet
 108  1  3.000e+12  331  361   IDLE 0 144  48  64   2  440 |   0.00    0   0  0 0 0  0  0 |  5.625e+11  1.980e+12  3.784e+13     0 quiet
 109  1          0    0  361   IDLE 0 144  48  64   2  440 |   0.00    0   0  0 0 0  0  0 |          0  2.956e+11  3.754e+13     0 quiet
 110  1          0    0  361   IDLE 0 144  48  64   2  440 |   0.00    0   0  0 0 0  0  0 |          0  2.933e+11  3.725e+13     0 quiet
 111  1          0    0  361   IDLE 0 144  48  64   2  440 |   0.00    0   0  0 0 0  0  0 |          0  2.910e+11  3.696e+13     0 quiet
 112  1          0    0  361   IDLE 0 144  48  64   2  440 |   0.00    0   0  0 0 0  0  0 |          0  2.887e+11  3.667e+13     0 quiet
 113  1          0    0  361   IDLE 0 144  48  64   2  440 |   0.00    0   0  0 0 0  0  0 |          0  2.865e+11  3.638e+13     0 quiet
 114  1          0    0  361   IDLE 0 144  48  64   2  440 |   0.00    0   0  0 0 0  0  0 |          0  2.842e+11  3.610e+13     0 quiet
 115  1          0    0  361   IDLE 0 144  48  64   2  440 |   0.00    0   0  0 0 0  0  0 |          0  2.820e+11  3.582e+13     0 quiet
 116  1          0    0  361   IDLE 0 144  48  64   2  440 |   0.00    0   0  0 0 0  0  0 |          0  2.798e+11  3.554e+13     0 quiet
 117  1          0    0  361   IDLE 0 144  48  64   2  440 |   0.00    0   0  0 0 0  0  0 |          0  2.776e+11  3.526e+13     0 quiet
 118  1          0    0  361   IDLE 0 144  48  64   2  440 |   0.00    0   0  0 0 0  0  0 |          0  2.755e+11  3.498e+13     0 quiet
 119  1          0    0  360   IDLE 0 144  48  64   2  440 |   0.00    0   0  0 0 0  0  0 |          0  2.733e+11  3.471e+13     0 quiet
 120  1  3.000e+12  331  360   IDLE 0 144  48  64   2  440 |   0.00    0   0  0 0 0  0  0 |  5.625e+11  1.959e+12  3.519e+13     0 quiet
 121  1          0    0  361   IDLE 0 144  48  64   2  440 |   0.00    0   0  0 0 0  0  0 |          0  2.749e+11  3.491e+13     0 quiet
 122  1          0    0  360   IDLE 0 144  48  64   2  440 |   0.00    0   0  0 0 0  0  0 |          0  2.728e+11  3.464e+13     0 quiet
 123  1          0    0  360   IDLE 0 144  48  64   2  440 |   0.00    0   0  0 0 0  0  0 |          0  2.706e+11  3.437e+13     0 quiet
 124  1          0    0  360   IDLE 0 144  48  64   2  440 |   0.00    0   0  0 0 0  0  0 |          0  2.685e+11  3.410e+13     0 quiet
 125  1          0    0  360   IDLE 0 144  48  64   2  440 |   0.00    0   0  0 0 0  0  0 |          0  2.664e+11  3.384e+13     0 quiet
 126  1  3.000e+12  331  360   IDLE 0 144  48  64   2  440 |   0.00    0   0  0 0 0  0  0 |  5.625e+11  1.952e+12  3.432e+13     0 quiet
 127  1  3.000e+12  331  360   IDLE 0 144  48  64   2  440 |   0.00    0   0  0 0 0  0  0 |  5.625e+11  1.956e+12  3.480e+13     0 quiet
 128  1          0    0  360   IDLE 0 144  48  64   2  440 |   0.00    0   0  0 0 0  0  0 |          0  2.719e+11  3.453e+13     0 quiet
 129  1          0    0  360   IDLE 0 144  48  64   2  440 |   0.00    0   0  0 0 0  0  0 |          0  2.698e+11  3.426e+13     0 quiet
 130  1          0    0  360   IDLE 0 144  48  64   2  440 |   0.00    0   0  0 0 0  0  0 |          0  2.677e+11  3.399e+13     0 quiet
 131  1          0    0  360   IDLE 0 144  48  64   2  440 |   0.00    0   0  0 0 0  0  0 |          0  2.656e+11  3.373e+13     0 quiet
 132  1          0    0  360   IDLE 0 144  48  64   2  440 |   0.00    0   0  0 0 0  0  0 |          0  2.635e+11  3.347e+13     0 quiet
 133  1          0    0  360   IDLE 0 144  48  64   2  440 |   0.00    0   0  0 0 0  0  0 |          0  2.614e+11  3.320e+13     0 quiet
 134  1          0    0  360   IDLE 0 144  48  64   2  440 |   0.00    0   0  0 0 0  0  0 |          0  2.594e+11  3.294e+13     0 quiet
 135  1          0    0  359   IDLE 0 144  48  64   2  440 |   0.00    0   0  0 0 0  0  0 |          0  2.574e+11  3.269e+13     0 quiet
 136  1  1.000e+11  292  359   IDLE 0 144  48  64   2  440 |   0.00    0   0  0 0 0  0  0 |  1.875e+10  3.116e+11  3.246e+13     0 quiet
 137  1  3.000e+12  331  359   IDLE 0 144  48  64   2  440 |   0.00    0   0  0 0 0  0  0 |  5.625e+11  1.941e+12  3.295e+13     0 quiet
 138  1          0    0  359   IDLE 0 144  48  64   2  440 |   0.00    0   0  0 0 0  0  0 |          0  2.574e+11  3.270e+13     0 quiet
 139  1          0    0  359   IDLE 0 144  48  64   2  440 |   0.00    0   0  0 0 0  0  0 |          0  2.554e+11  3.244e+13     0 quiet
 140  1          0    0  359   IDLE 0 144  48  64   2  440 |   0.00    0   0  0 0 0  0  0 |          0  2.534e+11  3.219e+13     0 quiet
 141  1  3.000e+12  331  359   IDLE 0 144  48  64   2  440 |   0.00    0   0  0 0 0  0  0 |  5.625e+11  1.939e+12  3.269e+13     0 quiet
 142  1          0    0  359   IDLE 0 144  48  64   2  440 |   0.00    0   0  0 0 0  0  0 |          0  2.554e+11  3.243e+13     0 quiet
 143  1          0    0  359   IDLE 0 144  48  64   2  440 |   0.00    0   0  0 0 0  0  0 |          0  2.534e+11  3.218e+13     0 quiet
 144  1          0    0  359   IDLE 0 144  48  64   2  440 |   0.00    0   0  0 0 0  0  0 |          0  2.514e+11  3.193e+13     0 quiet
 145  1          0    0  359   IDLE 0 144  48  64   2  440 |   0.00    0   0  0 0 0  0  0 |          0  2.494e+11  3.168e+13     0 quiet
 146  1          0    0  359   IDLE 0 144  48  64   2  440 |   0.00    0   0  0 0 0  0  0 |          0  2.475e+11  3.143e+13     0 quiet
 147  1          0    0  359   IDLE 0 144  48  64   2  440 |   0.00    0   0  0 0 0  0  0 |          0  2.455e+11  3.118e+13     0 quiet
 148  1          0    0  359   IDLE 0 144  48  64   2  440 |   0.00    0   0  0 0 0  0  0 |          0  2.436e+11  3.094e+13     0 quiet
 149  1          0    0  359   IDLE 0 144  48  64   2  440 |   0.00    0   0  0 0 0  0  0 |          0  2.417e+11  3.070e+13     0 quiet
 150  1          0    0  358   IDLE 0 144  48  64   2  440 |   0.00    0   0  0 0 0  0  0 |          0  2.398e+11  3.046e+13     0 quiet
 151  1          0    0  358   IDLE 0 144  48  64   2  440 |   0.00    0   0  0 0 0  0  0 |          0  2.380e+11  3.022e+13     0 quiet
 152  1          0    0  358   IDLE 0 144  48  64   2  440 |   0.00    0   0  0 0 0  0  0 |          0  2.361e+11  2.998e+13     0 quiet
 153  1          0    0  358   IDLE 0 144  48  64   2  440 |   0.00    0   0  0 0 0  0  0 |          0  2.342e+11  2.975e+13     0 quiet
 154  1  1.000e+11  292  358   IDLE 0 144  48  64   2  440 |   0.00    0   0  0 0 0  0  0 |  1.875e+10  2.887e+11  2.954e+13     0 quiet
 155  1          0    0  358   IDLE 0 144  48  64   2  440 |   0.00    0   0  0 0 0  0  0 |          0  2.308e+11  2.931e+13     0 quiet
 156  1          0    0  358   IDLE 0 144  48  64   2  440 |   0.00    0   0  0 0 0  0  0 |          0  2.290e+11  2.908e+13     0 quiet
 157  1          0    0  358   IDLE 0 144  48  64   2  440 |   0.00    0   0  0 0 0  0  0 |          0  2.272e+11  2.886e+13     0 quiet
 158  1          0    0  358   IDLE 0 144  48  64   2  440 |   0.00    0   0  0 0 0  0  0 |          0  2.254e+11  2.863e+13     0 quiet
 159  1          0    0  358   IDLE 0 144  48  64   2  440 |   0.00    0   0  0 0 0  0  0 |          0  2.237e+11  2.841e+13     0 quiet
 160  1          0    0  357   IDLE 0 144  48  64   2  440 |   0.00    0   0  0 0 0  0  0 |          0  2.219e+11  2.818e+13     0 quiet
 161  1          0    0  357   IDLE 0 144  48  64   2  440 |   0.00    0   0  0 0 0  0  0 |          0  2.202e+11  2.796e+13     0 quiet
 162  1  8.000e+12  343  357   IDLE 0 144  48  64   2  440 |   0.00    0   0  0 0 0  0  0 |  1.500e+12  4.718e+12  2.975e+13     0 quiet
 163  1  8.000e+12  343  358   IDLE 0 144  48  64   2  440 |   0.00    0   0  0 0 0  0  0 |  1.500e+12  4.732e+12  3.151e+13     0 quiet
 164  1          0    0  359   IDLE 0 144  48  64   2  440 |   0.00    0   0  0 0 0  0  0 |          0  2.462e+11  3.127e+13     0 quiet
 165  1          0    0  359   IDLE 0 144  48  64   2  440 |   0.00    0   0  0 0 0  0  0 |          0  2.443e+11  3.102e+13     0 quiet
 166  1          0    0  359   IDLE 0 144  48  64   2  440 |   0.00    0   0  0 0 0  0  0 |          0  2.424e+11  3.078e+13     0 quiet
 167  1          0    0  358   IDLE 0 144  48  64   2  440 |   0.00    0   0  0 0 0  0  0 |          0  2.405e+11  3.054e+13     0 quiet
 168  1          0    0  358   IDLE 0 144  48  64   2  440 |   0.00    0   0  0 0 0  0  0 |          0  2.386e+11  3.030e+13     0 quiet
 169  1  8.000e+12  343  358   IDLE 0 144  48  64   2  440 |   0.00    0   0  0 0 0  0  0 |  1.500e+12  4.737e+12  3.206e+13     0 quiet
 170  1          0    0  359   IDLE 0 144  48  64   2  440 |   0.00    0   0  0 0 0  0  0 |          0  2.505e+11  3.181e+13     0 quiet
 171  1  3.000e+12  331  359   IDLE 0 144  48  64   2  440 |   0.00    0   0  0 0 0  0  0 |  5.625e+11  1.936e+12  3.232e+13     0 quiet
 172  1          0    0  359   IDLE 0 144  48  64   2  440 |   0.00    0   0  0 0 0  0  0 |          0  2.525e+11  3.206e+13     0 quiet
 173  1          0    0  359   IDLE 0 144  48  64   2  440 |   0.00    0   0  0 0 0  0  0 |          0  2.505e+11  3.181e+13     0 quiet
 174  1          0    0  359   IDLE 0 144  48  64   2  440 |   0.00    0   0  0 0 0  0  0 |          0  2.485e+11  3.156e+13     0 quiet
 175  1          0    0  359   IDLE 0 144  48  64   2  440 |   0.00    0   0  0 0 0  0  0 |          0  2.466e+11  3.132e+13     0 quiet
 176  1          0    0  359   IDLE 0 144  48  64   2  440 |   0.00    0   0  0 0 0  0  0 |          0  2.447e+11  3.107e+13     0 quiet
 177  1          0    0  359   IDLE 0 144  48  64   2  440 |   0.00    0   0  0 0 0  0  0 |          0  2.428e+11  3.083e+13     0 quiet
 178  1          0    0  359   IDLE 0 144  48  64   2  440 |   0.00    0   0  0 0 0  0  0 |          0  2.409e+11  3.059e+13     0 quiet
 179  1          0    0  358   IDLE 0 144  48  64   2  440 |   0.00    0   0  0 0 0  0  0 |          0  2.390e+11  3.035e+13     0 quiet
 180  1  8.000e+12  343  358   IDLE 0 144  48  64   2  440 |   0.00    0   0  0 0 0  0  0 |  1.500e+12  4.737e+12  3.211e+13     0 quiet
 181  1  3.000e+12  331  359   IDLE 0 144  48  64   2  440 |   0.00    0   0  0 0 0  0  0 |  5.625e+11  1.938e+12  3.261e+13     0 quiet
 182  1  3.000e+12  331  359   IDLE 0 144  48  64   2  440 |   0.00    0   0  0 0 0  0  0 |  5.625e+11  1.942e+12  3.311e+13     0 quiet
 183  1          0    0  360   IDLE 0 144  48  64   2  440 |   0.00    0   0  0 0 0  0  0 |          0  2.587e+11  3.285e+13     0 quiet
 184  1          0    0  359   IDLE 0 144  48  64   2  440 |   0.00    0   0  0 0 0  0  0 |          0  2.566e+11  3.259e+13     0 quiet
 185  1  8.000e+12  343  359   IDLE 0 144  48  64   2  440 |   0.00    0   0  0 0 0  0  0 |  1.500e+12  4.755e+12  3.434e+13     0 quiet
 186  1  8.000e+12  343  360   IDLE 0 144  48  64   2  440 |   0.00    0   0  0 0 0  0  0 |  1.500e+12  4.768e+12  3.607e+13     0 quiet
 187  1          0    0  361   IDLE 0 144  48  64   2  440 |   0.00    0   0  0 0 0  0  0 |          0  2.818e+11  3.579e+13     0 quiet
 188  1          0    0  361   IDLE 0 144  48  64   2  440 |   0.00    0   0  0 0 0  0  0 |          0  2.796e+11  3.551e+13     0 quiet
 189  1  1.000e+11  292  361   IDLE 0 144  48  64   2  440 |   0.00    0   0  0 0 0  0  0 |  1.875e+10  3.337e+11  3.526e+13     0 quiet
 190  1          0    0  361   IDLE 0 144  48  64   2  440 |   0.00    0   0  0 0 0  0  0 |          0  2.754e+11  3.498e+13     0 quiet
 191  1  1.000e+11  292  360   IDLE 0 144  48  64   2  440 |   0.00    0   0  0 0 0  0  0 |  1.875e+10  3.295e+11  3.473e+13     0 quiet
 192  1          0    0  360   IDLE 0 144  48  64   2  440 |   0.00    0   0  0 0 0  0  0 |          0  2.713e+11  3.446e+13     0 quiet
 193  1          0    0  360   IDLE 0 144  48  64   2  440 |   0.00    0   0  0 0 0  0  0 |          0  2.692e+11  3.419e+13     0 quiet
 194  1          0    0  360   IDLE 0 144  48  64   2  440 |   0.00    0   0  0 0 0  0  0 |          0  2.671e+11  3.392e+13     0 quiet
 195  1          0    0  360   IDLE 0 144  48  64   2  440 |   0.00    0   0  0 0 0  0  0 |          0  2.650e+11  3.366e+13     0 quiet
 196  1          0    0  360   IDLE 0 144  48  64   2  440 |   0.00    0   0  0 0 0  0  0 |          0  2.630e+11  3.340e+13     0 quiet
 197  1          0    0  360   IDLE 0 144  48  64   2  440 |   0.00    0   0  0 0 0  0  0 |          0  2.609e+11  3.314e+13     0 quiet
 198  1          0    0  360   IDLE 0 144  48  64   2  440 |   0.00    0   0  0 0 0  0  0 |          0  2.589e+11  3.288e+13     0 quiet
 199  1  3.000e+12  331  359   IDLE 0 144  48  64   2  440 |   0.00    0   0  0 0 0  0  0 |  5.625e+11  1.944e+12  3.337e+13     0 quiet
 200  1          0    0  360   IDLE 0 144  48  64   2  440 |   0.00    0   0  0 0 0  0  0 |          0  2.607e+11  3.311e+13     0 quiet
 201  1  1.000e+11  292  360   IDLE 0 144  48  64   2  440 |   0.00    0   0  0 0 0  0  0 |  1.875e+10  3.149e+11  3.288e+13     0 quiet
 202  1          0    0  359   IDLE 0 144  48  64   2  440 |   0.00    0   0  0 0 0  0  0 |          0  2.568e+11  3.262e+13     0 quiet
 203  1          0    0  359   IDLE 0 144  48  64   2  440 |   0.00    0   0  0 0 0  0  0 |          0  2.548e+11  3.236e+13     0 quiet
 204  1          0    0  359   IDLE 0 144  48  64   2  440 |   0.00    0   0  0 0 0  0  0 |          0  2.528e+11  3.211e+13     0 quiet
 205  1  3.000e+12  331  359   IDLE 0 144  48  64   2  440 |   0.00    0   0  0 0 0  0  0 |  5.625e+11  1.938e+12  3.261e+13     0 quiet
 206  1  8.000e+12  343  359   IDLE 0 144  48  64   2  440 |   0.00    0   0  0 0 0  0  0 |  1.500e+12  4.755e+12  3.435e+13     0 quiet
 207  1          0    0  360   IDLE 0 144  48  64   2  440 |   0.00    0   0  0 0 0  0  0 |          0  2.684e+11  3.409e+13     0 quiet
 208  1  1.000e+11  292  360   IDLE 0 144  48  64   2  440 |   0.00    0   0  0 0 0  0  0 |  1.875e+10  3.226e+11  3.385e+13     0 quiet
 209  1  1.000e+11  292  360   IDLE 0 144  48  64   2  440 |   0.00    0   0  0 0 0  0  0 |  1.875e+10  3.207e+11  3.361e+13     0 quiet
 210  1          0    0  360   IDLE 0 144  48  64   2  440 |   0.00    0   0  0 0 0  0  0 |          0  2.625e+11  3.334e+13     0 quiet
 211  1  1.000e+11  292  360   IDLE 0 144  48  64   2  440 |   0.00    0   0  0 0 0  0  0 |  1.875e+10  3.167e+11  3.311e+13     0 quiet
 212  1  8.000e+12  343  360   IDLE 0 144  48  64   2  440 |   0.00    0   0  0 0 0  0  0 |  1.500e+12  4.759e+12  3.485e+13     0 quiet
 213  1  1.000e+11  292  360   IDLE 0 144  48  64   2  440 |   0.00    0   0  0 0 0  0  0 |  1.875e+10  3.285e+11  3.460e+13     0 quiet
 214  1          0    0  360   IDLE 0 144  48  64   2  440 |   0.00    0   0  0 0 0  0  0 |          0  2.703e+11  3.433e+13     0 quiet
 215  1          0    0  360   IDLE 0 144  48  64   2  440 |   0.00    0   0  0 0 0  0  0 |          0  2.682e+11  3.406e+13     0 quiet
 216  1          0    0  360   IDLE 0 144  48  64   2  440 |   0.00    0   0  0 0 0  0  0 |          0  2.661e+11  3.380e+13     0 quiet
 217  1          0    0  360   IDLE 0 144  48  64   2  440 |   0.00    0   0  0 0 0  0  0 |          0  2.640e+11  3.353e+13     0 quiet
 218  1          0    0  360   IDLE 0 144  48  64   2  440 |   0.00    0   0  0 0 0  0  0 |          0  2.620e+11  3.327e+13     0 quiet
 219  1          0    0  360   IDLE 0 144  48  64   2  440 |   0.00    0   0  0 0 0  0  0 |          0  2.599e+11  3.301e+13     0 quiet
 220  1          0    0  360   IDLE 0 144  48  64   2  440 |   0.00    0   0  0 0 0  0  0 |          0  2.579e+11  3.275e+13     0 quiet
 221  1          0    0  359   IDLE 0 144  48  64   2  440 |   0.00    0   0  0 0 0  0  0 |          0  2.559e+11  3.250e+13     0 quiet
 222  1          0    0  359   IDLE 0 144  48  64   2  440 |   0.00    0   0  0 0 0  0  0 |          0  2.539e+11  3.224e+13     0 quiet
 223  1  3.000e+12  331  359   IDLE 0 144  48  64   2  440 |   0.00    0   0  0 0 0  0  0 |  5.625e+11  1.939e+12  3.274e+13     0 quiet
 224  1  1.000e+11  292  359   IDLE 0 144  48  64   2  440 |   0.00    0   0  0 0 0  0  0 |  1.875e+10  3.120e+11  3.251e+13     0 quiet
 225  1  3.000e+12  331  359   IDLE 0 144  48  64   2  440 |   0.00    0   0  0 0 0  0  0 |  5.625e+11  1.941e+12  3.301e+13     0 quiet
 226  1  3.000e+12  331  360   IDLE 0 144  48  64   2  440 |   0.00    0   0  0 0 0  0  0 |  5.625e+11  1.945e+12  3.350e+13     0 quiet
 227  1          0    0  360   IDLE 0 144  48  64   2  440 |   0.00    0   0  0 0 0  0  0 |          0  2.617e+11  3.324e+13     0 quiet
 228  1          0    0  360   IDLE 0 144  48  64   2  440 |   0.00    0   0  0 0 0  0  0 |          0  2.597e+11  3.298e+13     0 quiet
 229  1          0    0  359   IDLE 0 144  48  64   2  440 |   0.00    0   0  0 0 0  0  0 |          0  2.576e+11  3.272e+13     0 quiet
 230  1          0    0  359   IDLE 0 144  48  64   2  440 |   0.00    0   0  0 0 0  0  0 |          0  2.556e+11  3.246e+13     0 quiet
 231  1          0    0  359   IDLE 0 144  48  64   2  440 |   0.00    0   0  0 0 0  0  0 |          0  2.536e+11  3.221e+13     0 quiet
 232  1          0    0  359   IDLE 0 144  48  64   2  440 |   0.00    0   0  0 0 0  0  0 |          0  2.516e+11  3.196e+13     0 quiet
 233  1          0    0  359   IDLE 0 144  48  64   2  440 |   0.00    0   0  0 0 0  0  0 |          0  2.497e+11  3.171e+13     0 quiet
 234  1          0    0  359   IDLE 0 144  48  64   2  440 |   0.00    0   0  0 0 0  0  0 |          0  2.477e+11  3.146e+13     0 quiet
 235  1          0    0  359   IDLE 0 144  48  64   2  440 |   0.00    0   0  0 0 0  0  0 |          0  2.458e+11  3.122e+13     0 quiet
 236  1          0    0  359   IDLE 0 144  48  64   2  440 |   0.00    0   0  0 0 0  0  0 |          0  2.439e+11  3.097e+13     0 quiet
 237  1          0    0  359   IDLE 0 144  48  64   2  440 |   0.00    0   0  0 0 0  0  0 |          0  2.420e+11  3.073e+13     0 quiet
 238  1          0    0  358   IDLE 0 144  48  64   2  440 |   0.00    0   0  0 0 0  0  0 |          0  2.401e+11  3.049e+13     0 quiet
 239  1          0    0  358   IDLE 0 144  48  64   2  440 |   0.00    0   0  0 0 0  0  0 |          0  2.382e+11  3.025e+13     0 quiet
 240  1          0    0  358   IDLE 0 144  48  64   2  440 |   0.00    0   0  0 0 0  0  0 |          0  2.363e+11  3.002e+13     0 quiet
 241  1          0    0  358   IDLE 0 144  48  64   2  440 |   0.00    0   0  0 0 0  0  0 |          0  2.345e+11  2.978e+13     0 quiet
 242  1          0    0  358   IDLE 0 144  48  64   2  440 |   0.00    0   0  0 0 0  0  0 |          0  2.327e+11  2.955e+13     0 quiet
 243  1  3.000e+12  331  358   IDLE 0 144  48  64   2  440 |   0.00    0   0  0 0 0  0  0 |  5.625e+11  1.918e+12  3.007e+13     0 quiet
 244  1          0    0  358   IDLE 0 144  48  64   2  440 |   0.00    0   0  0 0 0  0  0 |          0  2.349e+11  2.983e+13     0 quiet
 245  1          0    0  358   IDLE 0 144  48  64   2  440 |   0.00    0   0  0 0 0  0  0 |          0  2.331e+11  2.960e+13     0 quiet
 246  1          0    0  358   IDLE 0 144  48  64   2  440 |   0.00    0   0  0 0 0  0  0 |          0  2.312e+11  2.937e+13     0 quiet
 247  1          0    0  358   IDLE 0 144  48  64   2  440 |   0.00    0   0  0 0 0  0  0 |          0  2.294e+11  2.914e+13     0 quiet
 248  1  1.000e+11  292  358   IDLE 0 144  48  64   2  440 |   0.00    0   0  0 0 0  0  0 |  1.875e+10  2.839e+11  2.894e+13     0 quiet
 249  1          0    0  358   IDLE 0 144  48  64   2  440 |   0.00    0   0  0 0 0  0  0 |          0  2.261e+11  2.871e+13     0 quiet
 250  1          0    0  358   IDLE 0 144  48  64   2  440 |   0.00    0   0  0 0 0  0  0 |          0  2.243e+11  2.849e+13     0 quiet
 251  1  3.000e+12  331  357   IDLE 0 144  48  64   2  440 |   0.00    0   0  0 0 0  0  0 |  5.625e+11  1.910e+12  2.901e+13     0 quiet
 252  1          0    0  358   IDLE 0 144  48  64   2  440 |   0.00    0   0  0 0 0  0  0 |          0  2.267e+11  2.879e+13     0 quiet
 253  1  3.000e+12  331  358   IDLE 0 144  48  64   2  440 |   0.00    0   0  0 0 0  0  0 |  5.625e+11  1.912e+12  2.931e+13     0 quiet
 254  1  3.000e+12  331  358   IDLE 0 144  48  64   2  440 |   0.00    0   0  0 0 0  0  0 |  5.625e+11  1.916e+12  2.983e+13     0 quiet
 255  1          0    0  358   IDLE 0 144  48  64   2  440 |   0.00    0   0  0 0 0  0  0 |          0  2.331e+11  2.960e+13     0 quiet
 256  1  3.000e+12  331  358   IDLE 0 144  48  64   2  440 |   0.00    0   0  0 0 0  0  0 |  5.625e+11  1.919e+12  3.012e+13     0 quiet
 257  1          0    0  358   IDLE 0 144  48  64   2  440 |   0.00    0   0  0 0 0  0  0 |          0  2.353e+11  2.988e+13     0 quiet
 258  1          0    0  358   IDLE 0 144  48  64   2  440 |   0.00    0   0  0 0 0  0  0 |          0  2.335e+11  2.965e+13     0 quiet
 259  1  8.000e+12  343  358   IDLE 0 144  48  64   2  440 |   0.00    0   0  0 0 0  0  0 |  1.500e+12  4.732e+12  3.142e+13     0 quiet
 260  1  1.000e+11  292  359   IDLE 0 144  48  64   2  440 |   0.00    0   0  0 0 0  0  0 |  1.875e+10  3.017e+11  3.120e+13     0 quiet
 261  1          0    0  359   IDLE 0 144  48  64   2  440 |   0.00    0   0  0 0 0  0  0 |          0  2.437e+11  3.095e+13     0 quiet
 262  1          0    0  359   IDLE 0 144  48  64   2  440 |   0.00    0   0  0 0 0  0  0 |          0  2.418e+11  3.071e+13     0 quiet
 263  1          0    0  358   IDLE 0 144  48  64   2  440 |   0.00    0   0  0 0 0  0  0 |          0  2.399e+11  3.047e+13     0 quiet
 264  1          0    0  358   IDLE 0 144  48  64   2  440 |   0.00    0   0  0 0 0  0  0 |          0  2.381e+11  3.023e+13     0 quiet
 265  1          0    0  358   IDLE 0 144  48  64   2  440 |   0.00    0   0  0 0 0  0  0 |          0  2.362e+11  3.000e+13     0 quiet
 266  1          0    0  358   IDLE 0 144  48  64   2  440 |   0.00    0   0  0 0 0  0  0 |          0  2.344e+11  2.976e+13     0 quiet
 267  1          0    0  358   IDLE 0 144  48  64   2  440 |   0.00    0   0  0 0 0  0  0 |          0  2.325e+11  2.953e+13     0 quiet
 268  1          0    0  358   IDLE 0 144  48  64   2  440 |   0.00    0   0  0 0 0  0  0 |          0  2.307e+11  2.930e+13     0 quiet
 269  1          0    0  358   IDLE 0 144  48  64   2  440 |   0.00    0   0  0 0 0  0  0 |          0  2.289e+11  2.907e+13     0 quiet
 270  1          0    0  358   IDLE 0 144  48  64   2  440 |   0.00    0   0  0 0 0  0  0 |          0  2.271e+11  2.884e+13     0 quiet
 271  1          0    0  358   IDLE 0 144  48  64   2  440 |   0.00    0   0  0 0 0  0  0 |          0  2.253e+11  2.862e+13     0 quiet
 272  1          0    0  358   IDLE 0 144  48  64   2  440 |   0.00    0   0  0 0 0  0  0 |          0  2.236e+11  2.840e+13     0 quiet
 273  1          0    0  357   IDLE 0 144  48  64   2  440 |   0.00    0   0  0 0 0  0  0 |          0  2.218e+11  2.817e+13     0 quiet
 274  1  3.000e+12  331  357   IDLE 0 144  48  64   2  440 |   0.00    0   0  0 0 0  0  0 |  5.625e+11  1.908e+12  2.870e+13     0 quiet
 275  1          0    0  358   IDLE 0 144  48  64   2  440 |   0.00    0   0  0 0 0  0  0 |          0  2.242e+11  2.848e+13     0 quiet
 276  1          0    0  357   IDLE 0 144  48  64   2  440 |   0.00    0   0  0 0 0  0  0 |          0  2.225e+11  2.826e+13     0 quiet
 277  1  1.000e+11  292  357   IDLE 0 144  48  64   2  440 |   0.00    0   0  0 0 0  0  0 |  1.875e+10  2.770e+11  2.806e+13     0 quiet
 278  1          0    0  357   IDLE 0 144  48  64   2  440 |   0.00    0   0  0 0 0  0  0 |          0  2.192e+11  2.784e+13     0 quiet
 279  1          0    0  357   IDLE 0 144  48  64   2  440 |   0.00    0   0  0 0 0  0  0 |          0  2.175e+11  2.762e+13     0 quiet
 280  1          0    0  357   IDLE 0 144  48  64   2  440 |   0.00    0   0  0 0 0  0  0 |          0  2.158e+11  2.741e+13     0 quiet
 281  1          0    0  357   IDLE 0 144  48  64   2  440 |   0.00    0   0  0 0 0  0  0 |          0  2.141e+11  2.719e+13     0 quiet
 282  1          0    0  357   IDLE 0 144  48  64   2  440 |   0.00    0   0  0 0 0  0  0 |          0  2.125e+11  2.698e+13     0 quiet
 283  1          0    0  357   IDLE 0 144  48  64   2  440 |   0.00    0   0  0 0 0  0  0 |          0  2.108e+11  2.677e+13     0 quiet
 284  1          0    0  357   IDLE 0 144  48  64   2  440 |   0.00    0   0  0 0 0  0  0 |          0  2.091e+11  2.656e+13     0 quiet
 285  1          0    0  357   IDLE 0 144  48  64   2  440 |   0.00    0   0  0 0 0  0  0 |          0  2.075e+11  2.635e+13     0 quiet
 286  1          0    0  356   IDLE 0 144  48  64   2  440 |   0.00    0   0  0 0 0  0  0 |          0  2.059e+11  2.615e+13     0 quiet
 287  1          0    0  356   IDLE 0 144  48  64   2  440 |   0.00    0   0  0 0 0  0  0 |          0  2.043e+11  2.594e+13     0 quiet
 288  1          0    0  356   IDLE 0 144  48  64   2  440 |   0.00    0   0  0 0 0  0  0 |          0  2.027e+11  2.574e+13     0 quiet
 289  1  1.000e+11  292  356   IDLE 0 144  48  64   2  440 |   0.00    0   0  0 0 0  0  0 |  1.875e+10  2.574e+11  2.557e+13     0 quiet
 290  1          0    0  356   IDLE 0 144  48  64   2  440 |   0.00    0   0  0 0 0  0  0 |          0  1.997e+11  2.537e+13     0 quiet
 291  1          0    0  356   IDLE 0 144  48  64   2  440 |   0.00    0   0  0 0 0  0  0 |          0  1.982e+11  2.517e+13     0 quiet
 292  1          0    0  356   IDLE 0 144  48  64   2  440 |   0.00    0   0  0 0 0  0  0 |          0  1.966e+11  2.497e+13     0 quiet
 293  1  1.000e+11  292  356   IDLE 0 144  48  64   2  440 |   0.00    0   0  0 0 0  0  0 |  1.875e+10  2.513e+11  2.480e+13     0 quiet
 294  1          0    0  356   IDLE 0 144  48  64   2  440 |   0.00    0   0  0 0 0  0  0 |          0  1.938e+11  2.461e+13     0 quiet
 295  1          0    0  356   IDLE 0 144  48  64   2  440 |   0.00    0   0  0 0 0  0  0 |          0  1.922e+11  2.441e+13     0 quiet
 296  1          0    0  356   IDLE 0 144  48  64   2  440 |   0.00    0   0  0 0 0  0  0 |          0  1.907e+11  2.422e+13     0 quiet
 297  1          0    0  356   IDLE 0 144  48  64   2  440 |   0.00    0   0  0 0 0  0  0 |          0  1.892e+11  2.403e+13     0 quiet
 298  1          0    0  355   IDLE 0 144  48  64   2  440 |   0.00    0   0  0 0 0  0  0 |          0  1.878e+11  2.385e+13     0 quiet
 299  1  3.000e+12  331  355   IDLE 0 144  48  64   2  440 |   0.00    0   0  0 0 0  0  0 |  5.625e+11  1.874e+12  2.441e+13     0 quiet
 300  1  3.000e+12  331  356   IDLE 0 144  48  64   2  440 |   0.00    0   0  0 0 0  0  0 |  5.625e+11  1.878e+12  2.497e+13     0 quiet

subdust                ep  300 settles  300  in 3.505e+14  allow  18.8%  bought  74.1%  left   7.1%  maxRes  32.4 ep  tier 0  clamp 0  {'IDLE': 300}
