16x surge for 8 epochs inside a steady flow.

  ep dt     inflow      echo  TAX  RES   mode T buy alw res REL CEIL |      A   PK  dd LV W S CD TR |      allow    decided     bought    reserve clamp   kernel flags
----------------------------------------------------------------------------------------------------------------------------------------------------------------------
   1  1  5.000e+15         0  417    0 CRUISE 0 144  48  64   2  440 |  71.00   71   0  8 3 0  0  0 |  9.375e+14  2.812e+15  2.812e+15  1.250e+15     0        - warm
   2  1  5.084e+15 8.438e+13  418  401 CRUISE 1 160  32  64   2  432 |  72.00   72   0  8 2 0  0  0 |  6.355e+14  3.188e+15  3.188e+15  2.511e+15     0        - tierup,warm
   3  1  5.096e+15 9.562e+13  418  409 CRUISE 1 160  32  64   2  432 |  72.00   72   0  8 1 0  0  0 |  6.370e+14  3.204e+15  3.204e+15  3.766e+15     0        - warm
   4  1  5.096e+15 9.613e+13  418  414 CRUISE 1 160  32  64   2  432 |  72.00   72   0  8 0 0  0  0 |  6.370e+14  3.215e+15  3.215e+15  5.010e+15     0        - warm
   5  1  5.096e+15 9.644e+13  418  417 CRUISE 1 160  32  64   2  432 |  72.00   72   0  8 0 0  0  0 |  6.371e+14  3.224e+15  3.224e+15  6.245e+15     0        - -
   6  1  5.097e+15 9.673e+13  418  420 CRUISE 1 160  32  64   2  432 |  72.00   72   0  8 0 0  0  0 |  6.371e+14  3.234e+15  3.234e+15  7.471e+15     0        - -
   7  1  5.097e+15 9.703e+13  418  422 CRUISE 1 160  32  64   2  432 |  72.00   72   0  8 0 0  0  0 |  6.371e+14  3.244e+15  3.244e+15  8.686e+15     0        - -
   8  1  5.097e+15 9.732e+13  418  424 CRUISE 1 160  32  64   2  432 |  72.00   72   0  8 0 0  0  0 |  6.372e+14  3.254e+15  3.254e+15  9.893e+15     0        - -
   9  1  5.098e+15 9.761e+13  418  425 CRUISE 1 160  32  64   2  432 |  72.00   72   0  8 0 0  0  0 |  6.372e+14  3.263e+15  3.263e+15  1.109e+16     0        - -
  10  1  5.098e+15 9.790e+13  418  426 CRUISE 1 160  32  64   2  432 |  72.00   72   0  8 0 0  0  0 |  6.372e+14  3.273e+15  3.273e+15  1.228e+16     0        - -
  11  1  5.098e+15 9.818e+13  418  427 CRUISE 1 160  32  64   2  432 |  72.00   72   0  8 0 0  0  0 |  6.373e+14  3.282e+15  3.282e+15  1.346e+16     0        - -
  12  1  5.098e+15 9.847e+13  418  428 CRUISE 1 160  32  64   2  432 |  72.00   72   0  8 0 0  0  0 |  6.373e+14  3.292e+15  3.292e+15  1.463e+16     0        - -
  13  1  5.099e+15 9.875e+13  418  429 CRUISE 1 160  32  64   2  432 |  72.00   72   0  8 0 0  0  0 |  6.373e+14  3.301e+15  3.301e+15  1.579e+16     0        - -
  14  1  5.099e+15 9.903e+13  418  431 CRUISE 1 160  32  64   2  432 |  72.00   72   0  8 0 0  0  0 |  6.374e+14  3.310e+15  3.310e+15  1.694e+16     0        - -
  15  1  5.099e+15 9.931e+13  418  432 CRUISE 1 160  32  64   2  432 |  72.00   72   0  8 0 0  0  0 |  6.374e+14  3.319e+15  3.319e+15  1.808e+16     0        - -
  16  1  5.100e+15 9.958e+13  418  433 CRUISE 1 160  32  64   2  432 |  72.00   72   0  8 0 0  0  0 |  6.374e+14  3.328e+15  3.328e+15  1.921e+16     0        - -
  17  1  5.100e+15 9.985e+13  418  433 CRUISE 1 160  32  64   2  432 |  72.00   72   0  8 0 0  0  0 |  6.375e+14  3.338e+15  3.338e+15  2.034e+16     0        - -
  18  1  5.100e+15 1.001e+14  418  434 CRUISE 1 160  32  64   2  432 |  72.00   72   0  8 0 0  0  0 |  6.375e+14  3.346e+15  3.346e+15  2.145e+16     0        - -
  19  1  5.100e+15 1.004e+14  418  434 CRUISE 1 160  32  64   2  432 |  72.00   72   0  8 0 0  0  0 |  6.375e+14  3.355e+15  3.355e+15  2.256e+16     0        - -
  20  1  5.101e+15 1.007e+14  418  435 CRUISE 2 176  16  64   2  424 |  72.00   72   0  8 0 0  0  0 |  3.188e+14  3.683e+15  3.683e+15  2.366e+16     0        - tierup
  21  1  5.110e+15 1.105e+14  418  435 CRUISE 2 176  16  64   2  424 |  72.00   72   0  8 0 0  0  0 |  3.194e+14  3.698e+15  3.698e+15  2.475e+16     0        - -
  22  1  5.111e+15 1.109e+14  418  435 CRUISE 2 176  16  64   2  424 |  72.00   72   0  8 0 0  0  0 |  3.194e+14  3.707e+15  3.707e+15  2.584e+16     0        - -
  23  1  5.111e+15 1.112e+14  418  436 CRUISE 2 176  16  64   2  424 |  72.00   72   0  8 0 0  0  0 |  3.195e+14  3.716e+15  3.716e+15  2.691e+16     0        - -
  24  1  5.111e+15 1.115e+14  418  436 CRUISE 2 176  16  64   2  424 |  72.00   72   0  8 0 0  0  0 |  3.195e+14  3.724e+15  3.724e+15  2.798e+16     0        - -
  25  1  5.112e+15 1.117e+14  418  437 CRUISE 2 176  16  64   2  424 |  72.00   72   0  8 0 0  0  0 |  3.195e+14  3.733e+15  3.733e+15  2.904e+16     0        - -
  26  1  5.112e+15 1.120e+14  418  437 CRUISE 2 176  16  64   2  424 |  72.00   72   0  8 0 0  0  0 |  3.195e+14  3.741e+15  3.741e+15  3.009e+16     0        - -
  27  1  5.112e+15 1.122e+14  418  438 CRUISE 2 176  16  64   2  424 |  72.00   72   0  8 0 0  0  0 |  3.195e+14  3.750e+15  3.750e+15  3.114e+16     0        - -
  28  1  5.112e+15 1.125e+14  418  438 CRUISE 2 176  16  64   2  424 |  72.00   72   0  8 0 0  0  0 |  3.195e+14  3.758e+15  3.758e+15  3.217e+16     0        - -
  29  1  5.113e+15 1.127e+14  418  439 CRUISE 2 176  16  64   2  424 |  72.00   72   0  8 0 0  0  0 |  3.195e+14  3.766e+15  3.766e+15  3.320e+16     0        - -
  30  1  5.113e+15 1.130e+14  418  439 CRUISE 2 176  16  64   2  424 |  72.00   72   0  8 0 0  0  0 |  3.196e+14  3.775e+15  3.775e+15  3.422e+16     0        - -
  31  1  5.113e+15 1.132e+14  418  440 CRUISE 2 176  16  64   2  424 |  72.00   72   0  8 0 0  0  0 |  3.196e+14  3.783e+15  3.783e+15  3.523e+16     0        - -
  32  1  5.113e+15 1.135e+14  418  440 CRUISE 2 176  16  64   2  424 |  72.00   72   0  8 0 0  0  0 |  3.196e+14  3.791e+15  3.791e+15  3.623e+16     0        - -
  33  1  5.114e+15 1.137e+14  418  441 CRUISE 2 176  16  64   2  424 |  72.00   72   0  8 0 0  0  0 |  3.196e+14  3.799e+15  3.799e+15  3.723e+16     0        - -
  34  1  5.114e+15 1.140e+14  418  441 CRUISE 2 176  16  64   2  424 |  72.00   72   0  8 0 0  0  0 |  3.196e+14  3.807e+15  3.807e+15  3.821e+16     0        - -
  35  1  5.114e+15 1.142e+14  418  441 CRUISE 2 176  16  64   2  424 |  72.00   72   0  8 0 0  0  0 |  3.196e+14  3.815e+15  3.815e+15  3.919e+16     0        - -
  36  1  5.114e+15 1.144e+14  418  441 CRUISE 2 176  16  64   2  424 |  72.00   72   0  8 0 0  0  0 |  3.197e+14  3.822e+15  3.822e+15  4.017e+16     0        - -
  37  1  5.115e+15 1.147e+14  418  441 CRUISE 2 176  16  64   2  424 |  72.00   72   0  8 0 0  0  0 |  3.197e+14  3.830e+15  3.830e+15  4.113e+16     0        - -
  38  1  5.115e+15 1.149e+14  418  442 CRUISE 2 176  16  64   2  424 |  72.00   72   0  8 0 0  0  0 |  3.197e+14  3.838e+15  3.838e+15  4.209e+16     0        - -
  39  1  5.115e+15 1.151e+14  418  442 CRUISE 2 176  16  64   2  424 |  72.00   72   0  8 0 0  0  0 |  3.197e+14  3.845e+15  3.845e+15  4.304e+16     0        - -
  40  1  5.115e+15 1.154e+14  418  442 CRUISE 2 176  16  64   2  424 |  72.00   72   0  8 0 0  0  0 |  3.197e+14  3.853e+15  3.853e+15  4.398e+16     0        - -
  41  1  5.116e+15 1.156e+14  418  442 CRUISE 2 176  16  64   2  424 |  72.00   72   0  8 0 0  0  0 |  3.197e+14  3.861e+15  3.861e+15  4.492e+16     0        - -
  42  1  5.116e+15 1.158e+14  418  442 CRUISE 2 176  16  64   2  424 |  72.00   72   0  8 0 0  0  0 |  3.197e+14  3.868e+15  3.868e+15  4.584e+16     0        - -
  43  1  5.116e+15 1.160e+14  418  443 CRUISE 2 176  16  64   2  424 |  72.00   72   0  8 0 0  0  0 |  3.198e+14  3.875e+15  3.875e+15  4.676e+16     0        - -
  44  1  5.116e+15 1.163e+14  418  443 CRUISE 2 176  16  64   2  424 |  72.00   72   0  8 0 0  0  0 |  3.198e+14  3.883e+15  3.883e+15  4.768e+16     0        - -
  45  1  5.116e+15 1.165e+14  418  443 CRUISE 2 176  16  64   2  424 |  72.00   72   0  8 0 0  0  0 |  3.198e+14  3.890e+15  3.890e+15  4.859e+16     0        - -
  46  1  5.117e+15 1.167e+14  418  443 CRUISE 2 176  16  64   2  424 |  72.00   72   0  8 0 0  0  0 |  3.198e+14  3.897e+15  3.897e+15  4.948e+16     0        - -
  47  1  5.117e+15 1.169e+14  418  443 CRUISE 2 176  16  64   2  424 |  72.00   72   0  8 0 0  0  0 |  3.198e+14  3.904e+15  3.904e+15  5.038e+16     0        - -
  48  1  5.117e+15 1.171e+14  418  444 CRUISE 2 176  16  64   2  424 |  72.00   72   0  8 0 0  0  0 |  3.198e+14  3.912e+15  3.912e+15  5.126e+16     0        - -
  49  1  5.117e+15 1.173e+14  418  444 CRUISE 2 176  16  64   2  424 |  72.00   72   0  8 0 0  0  0 |  3.198e+14  3.919e+15  3.919e+15  5.214e+16     0        - -
  50  1  5.118e+15 1.176e+14  418  444 CRUISE 2 176  16  64   2  424 |  72.00   72   0  8 0 0  0  0 |  3.198e+14  3.926e+15  3.926e+15  5.301e+16     0        - -
  51  1  5.118e+15 1.178e+14  418  444 CRUISE 2 176  16  64   2  424 |  72.00   72   0  8 0 0  0  0 |  3.199e+14  3.933e+15  3.933e+15  5.388e+16     0        - -
  52  1  5.118e+15 1.180e+14  418  444 CRUISE 2 176  16  64   2  424 |  72.00   72   0  8 0 0  0  0 |  3.199e+14  3.940e+15  3.940e+15  5.474e+16     0        - -
  53  1  5.118e+15 1.182e+14  418  445 CRUISE 2 176  16  64   2  424 |  72.00   72   0  8 0 0  0  0 |  3.199e+14  3.946e+15  3.946e+15  5.559e+16     0        - -
  54  1  5.118e+15 1.184e+14  418  445 CRUISE 2 176  16  64   2  424 |  72.00   72   0  8 0 0  0  0 |  3.199e+14  3.953e+15  3.953e+15  5.643e+16     0        - -
  55  1  5.119e+15 1.186e+14  418  445 CRUISE 2 176  16  64   2  424 |  72.00   72   0  8 0 0  0  0 |  3.199e+14  3.960e+15  3.960e+15  5.727e+16     0        - -
  56  1  5.119e+15 1.188e+14  418  445 CRUISE 2 176  16  64   2  424 |  72.00   72   0  8 0 0  0  0 |  3.199e+14  3.967e+15  3.967e+15  5.811e+16     0        - -
  57  1  5.119e+15 1.190e+14  418  445 CRUISE 2 176  16  64   2  424 |  72.00   72   0  8 0 0  0  0 |  3.199e+14  3.973e+15  3.973e+15  5.893e+16     0        - -
  58  1  5.119e+15 1.192e+14  418  446 CRUISE 2 176  16  64   2  424 |  72.00   72   0  8 0 0  0  0 |  3.199e+14  3.980e+15  3.980e+15  5.975e+16     0        - -
  59  1  5.119e+15 1.194e+14  418  446 CRUISE 2 176  16  64   2  424 |  72.00   72   0  8 0 0  0  0 |  3.200e+14  3.986e+15  3.986e+15  6.056e+16     0        - -
  60  1  5.120e+15 1.196e+14  418  446 CRUISE 2 176  16  64   2  424 |  72.00   72   0  8 0 0  0  0 |  3.200e+14  3.993e+15  3.993e+15  6.137e+16     0        - -
  61  1  8.012e+16 1.198e+14  449  446 CRUISE 2 176  16  64   2  424 |  79.75   79   0  8 0 1  0  0 |  5.007e+15  5.556e+16  5.556e+16  8.092e+16     0        - surge
  62  1  8.167e+16 1.667e+15  450  449   BANK 2  56   8 192   2  424 |  85.75   85   0  8 0 2  0  0 |  2.552e+15  1.850e+16  1.850e+16  1.415e+17     0        - surge
  63  1  8.055e+16 5.549e+14  449  456   BANK 2  80   8 168   2  424 |  90.00   90   0  8 0 3  0  0 |  2.517e+15  2.628e+16  2.628e+16  1.933e+17     0        - surge
  64  1  8.079e+16 7.884e+14  449  459   BANK 2 100   8 148   2  424 |  93.25   93   0  8 0 3  0  0 |  2.525e+15  3.307e+16  3.307e+16  2.385e+17     0        - surge
  65  1  8.099e+16 9.920e+14  449  462   BANK 2 112   8 136   2  424 |  95.50   95   0  8 0 3  0  0 |  2.531e+15  3.730e+16  3.730e+16  2.797e+17     0        - surge
  66  1  8.112e+16 1.119e+15  450  464   BANK 2 116   8 132   2  424 |  97.50   97   0  8 0 3  0  0 |  2.535e+15  3.894e+16  3.894e+16  3.193e+17     0        - surge
  67  1  8.117e+16 1.168e+15  450  465   BANK 2 120   8 128   2  424 |  99.00   99   0  8 0 2  0  0 |  2.537e+15  4.054e+16  4.054e+16  3.574e+17     0        - -
  68  1  8.122e+16 1.216e+15  450  466   BANK 2 120   8 128   2  424 | 100.25  100   0  8 0 1  0  0 |  2.538e+15  4.086e+16  4.086e+16  3.952e+17     0        - -
  69  1  6.226e+15 1.226e+15  420  467 DEFEND 2 256   0   0  32  424 |  97.25  100   3  8 0 0  0  3 |          0  5.563e+16  5.563e+16  3.458e+17     0        - dip,release
  70  1  6.669e+15 1.669e+15  420  466 DEFEND 2 256   0   0  32  424 |  94.25  100   6  8 0 0  0  2 |          0  4.989e+16  4.989e+16  3.026e+17     0        - dip,release
  71  1  6.497e+15 1.497e+15  420  465 DEFEND 2 256   0   0  32  424 |  91.25  100   9  8 0 0  0  1 |          0  4.432e+16  4.432e+16  2.648e+17     0        - dip,release
  72  1  6.330e+15 1.330e+15  420  463 DEFEND 2 256   0   0  32  424 |  88.25   99  11  8 0 0  0  0 |          0  3.942e+16  3.942e+16  2.317e+17     0        - dip,release
  73  1  6.183e+15 1.183e+15  419  461   REST 2 176  16  64   2  424 |  85.25   99  14  8 0 0  5  0 |  3.864e+14  6.060e+15  6.060e+15  2.314e+17     0        - dip,cooldown
  74  1  5.182e+15 1.818e+14  418  461   REST 2 176  16  64   2  424 |  82.25   99  17  8 0 0  4  0 |  3.239e+14  5.370e+15  5.370e+15  2.309e+17     0        - dip,cooldown
  75  1  5.161e+15 1.611e+14  418  461   REST 2 176  16  64   2  424 |  79.50   99  20  8 0 0  3  0 |  3.226e+14  5.352e+15  5.352e+15  2.304e+17     0        - dip,cooldown
  76  1  5.161e+15 1.606e+14  418  461   REST 2 176  16  64   2  424 |  77.50   98  21  8 0 0  2  0 |  3.225e+14  5.348e+15  5.348e+15  2.299e+17     0        - cooldown
  77  1  5.160e+15 1.604e+14  418  461   REST 2 176  16  64   2  424 |  76.00   98  22  8 0 0  1  0 |  3.225e+14  5.344e+15  5.344e+15  2.294e+17     0        - cooldown
  78  1  5.160e+15 1.603e+14  418  461   REST 3 184   8  64   2  416 |  75.00   98  23  8 0 0  0  0 |  1.613e+14  5.501e+15  5.501e+15  2.289e+17     0        - tierup,cooldown
  79  1  5.165e+15 1.650e+14  418  461 DEFEND 3 256   0   0  48  416 |  74.25   98  24  8 0 0  0  3 |          0  4.808e+16  4.808e+16  1.859e+17     0        - release
  80  1  6.442e+15 1.442e+15  420  459 DEFEND 3 256   0   0  46  416 |  74.00   97  23  8 0 0  0  2 |          0  3.985e+16  3.985e+16  1.525e+17     0        - release
  81  1  6.196e+15 1.196e+15  420  457 DEFEND 3 256   0   0  46  416 |  74.00   97  23  8 0 0  0  1 |          0  3.360e+16  3.360e+16  1.251e+17     0        - release
  82  1  6.008e+15 1.008e+15  419  454 DEFEND 3 256   0   0  48  416 |  73.75   97  24  8 0 0  0  0 |          0  2.947e+16  2.947e+16  1.017e+17     0        - release
  83  1  5.884e+15 8.841e+14  419  452   REST 3 184   8  64   2  416 |  73.50   97  24  8 0 0  5  0 |  1.839e+14  5.023e+15  5.023e+15  1.023e+17     0        - cooldown
  84  1  5.151e+15 1.507e+14  418  452   REST 3 184   8  64   2  416 |  73.00   96  23  8 0 0  4  0 |  1.610e+14  4.502e+15  4.502e+15  1.028e+17     0        - cooldown
  85  1  5.135e+15 1.350e+14  418  452   REST 3 184   8  64   2  416 |  72.75   96  24  8 0 0  3  0 |  1.605e+14  4.494e+15  4.494e+15  1.033e+17     0        - cooldown
  86  1  5.135e+15 1.348e+14  418  452   REST 3 184   8  64   2  416 |  72.50   96  24  8 0 0  2  0 |  1.605e+14  4.498e+15  4.498e+15  1.038e+17     0        - cooldown
  87  1  5.135e+15 1.349e+14  418  452   REST 3 184   8  64   2  416 |  72.25   96  24  8 0 0  1  0 |  1.605e+14  4.502e+15  4.502e+15  1.043e+17     0        - cooldown
  88  1  5.135e+15 1.350e+14  418  452   REST 3 184   8  64   2  416 |  72.00   95  23  8 0 0  0  0 |  1.605e+14  4.505e+15  4.505e+15  1.047e+17     0        - cooldown
  89  1  5.135e+15 1.352e+14  418  452 DEFEND 3 256   0   0  46  416 |  72.00   95  23  8 0 0  0  3 |          0  2.395e+16  2.395e+16  8.591e+16     0        - release
  90  1  5.719e+15 7.186e+14  419  450 DEFEND 3 256   0   0  46  416 |  72.25   95  23  8 0 0  0  2 |          0  2.116e+16  2.116e+16  7.047e+16     0        - release
  91  1  5.635e+15 6.347e+14  419  448 DEFEND 3 256   0   0  46  416 |  72.25   95  23  8 0 0  0  1 |          0  1.830e+16  1.830e+16  5.781e+16     0        - release
  92  1  5.549e+15 5.489e+14  418  445 DEFEND 3 256   0   0  44  416 |  72.00   94  22  8 0 0  0  0 |          0  1.548e+16  1.548e+16  4.787e+16     0        - release
  93  1  5.465e+15 4.645e+14  418  443   REST 3 184   8  64   2  416 |  72.00   94  22  8 0 0  5  0 |  1.708e+14  4.302e+15  4.302e+15  4.887e+16     0        - cooldown
  94  1  5.129e+15 1.290e+14  418  443   REST 3 184   8  64   2  416 |  72.00   94  22  8 0 0  4  0 |  1.603e+14  4.068e+15  4.068e+15  4.977e+16     0        - cooldown
  95  1  5.122e+15 1.220e+14  418  444   REST 3 184   8  64   2  416 |  72.00   94  22  8 0 0  3  0 |  1.601e+14  4.070e+15  4.070e+15  5.066e+16     0        - cooldown
  96  1  5.122e+15 1.221e+14  418  444   REST 3 184   8  64   2  416 |  72.00   93  21  8 0 0  2  0 |  1.601e+14  4.077e+15  4.077e+15  5.154e+16     0        - cooldown
  97  1  5.122e+15 1.223e+14  418  444   REST 3 184   8  64   2  416 |  72.00   93  21  8 0 0  1  0 |  1.601e+14  4.084e+15  4.084e+15  5.242e+16     0        - cooldown
  98  1  5.123e+15 1.225e+14  418  444   REST 3 184   8  64   2  416 |  72.00   93  21  8 0 0  0  0 |  1.601e+14  4.091e+15  4.091e+15  5.329e+16     0        - cooldown
  99  1  5.123e+15 1.227e+14  418  444 DEFEND 3 256   0   0  42  416 |  72.00   93  21  8 0 0  0  3 |          0  1.387e+16  1.387e+16  4.455e+16     0        - release
 100  1  5.416e+15 4.160e+14  418  442 DEFEND 3 256   0   0  40  416 |  72.00   92  20  8 0 0  0  2 |          0  1.238e+16  1.238e+16  3.759e+16     0        - release
 101  1  5.371e+15 3.713e+14  418  441 DEFEND 3 256   0   0  40  416 |  72.00   92  20  8 0 0  0  1 |          0  1.124e+16  1.124e+16  3.171e+16     0        - release
 102  1  5.337e+15 3.373e+14  418  439 DEFEND 3 256   0   0  40  416 |  72.00   92  20  8 0 0  0  0 |          0  1.029e+16  1.029e+16  2.676e+16     0        - release
 103  1  5.309e+15 3.088e+14  418  436   REST 3 184   8  64   2  416 |  72.00   92  20  8 0 0  5  0 |  1.659e+14  4.025e+15  4.025e+15  2.788e+16     0        - cooldown
 104  1  5.121e+15 1.207e+14  418  437   REST 3 184   8  64   2  416 |  72.00   91  19  8 0 0  4  0 |  1.600e+14  3.898e+15  3.898e+15  2.894e+16     0        - cooldown
 105  1  5.117e+15 1.169e+14  418  437   REST 3 184   8  64   2  416 |  72.00   91  19  8 0 0  3  0 |  1.599e+14  3.904e+15  3.904e+15  2.999e+16     0        - cooldown
 106  1  5.117e+15 1.171e+14  418  438   REST 3 184   8  64   2  416 |  72.00   91  19  8 0 0  2  0 |  1.599e+14  3.912e+15  3.912e+15  3.104e+16     0        - cooldown
 107  1  5.117e+15 1.174e+14  418  438   REST 3 184   8  64   2  416 |  72.00   91  19  8 0 0  1  0 |  1.599e+14  3.921e+15  3.921e+15  3.207e+16     0        - cooldown
 108  1  5.118e+15 1.176e+14  418  439   REST 3 184   8  64   2  416 |  72.00   90  18  8 0 0  0  0 |  1.599e+14  3.929e+15  3.929e+15  3.310e+16     0        - cooldown
 109  1  5.118e+15 1.179e+14  418  439 DEFEND 3 256   0   0  36  416 |  72.00   90  18  8 0 0  0  3 |          0  9.773e+15  9.773e+15  2.845e+16     0        - release
 110  1  5.293e+15 2.932e+14  418  437 DEFEND 3 256   0   0  36  416 |  72.00   90  18  8 0 0  0  2 |          0  9.294e+15  9.294e+15  2.445e+16     0        - release
 111  1  5.279e+15 2.788e+14  418  435 DEFEND 3 256   0   0  36  416 |  72.00   90  18  8 0 0  0  1 |          0  8.717e+15  8.717e+15  2.101e+16     0        - release
 112  1  5.262e+15 2.615e+14  418  434 DEFEND 3 256   0   0  34  416 |  72.00   89  17  8 0 0  0  0 |          0  8.052e+15  8.052e+15  1.822e+16     0        - release
 113  1  5.242e+15 2.416e+14  418  433   REST 3 184   8  64   2  416 |  72.00   89  17  8 0 0  5  0 |  1.638e+14  3.910e+15  3.910e+15  1.939e+16     0        - cooldown
 114  1  5.117e+15 1.173e+14  418  433   REST 3 184   8  64   2  416 |  72.00   89  17  8 0 0  4  0 |  1.599e+14  3.830e+15  3.830e+15  2.052e+16     0        - cooldown
 115  1  5.115e+15 1.149e+14  418  434   REST 3 184   8  64   2  416 |  72.00   89  17  8 0 0  3  0 |  1.598e+14  3.837e+15  3.837e+15  2.163e+16     0        - cooldown
 116  1  5.115e+15 1.151e+14  418  434   REST 3 184   8  64   2  416 |  72.00   88  16  8 0 0  2  0 |  1.598e+14  3.845e+15  3.845e+15  2.274e+16     0        - cooldown
 117  1  5.115e+15 1.154e+14  418  435   REST 3 184   8  64   2  416 |  72.00   88  16  8 0 0  1  0 |  1.599e+14  3.854e+15  3.854e+15  2.384e+16     0        - cooldown
 118  1  5.116e+15 1.156e+14  418  435   REST 3 184   8  64   2  416 |  72.00   88  16  8 0 0  0  0 |  1.599e+14  3.863e+15  3.863e+15  2.494e+16     0        - cooldown
 119  1  5.116e+15 1.159e+14  418  436 DEFEND 3 256   0   0  32  416 |  72.00   88  16  8 0 0  0  3 |          0  8.233e+15  8.233e+15  2.182e+16     0        - release
 120  1  5.247e+15 2.470e+14  418  434 DEFEND 3 256   0   0  32  416 |  72.00   87  15  8 0 0  0  2 |          0  7.975e+15  7.975e+15  1.909e+16     0        - release
 121  1  5.239e+15 2.392e+14  418  433 DEFEND 3 256   0   0  32  416 |  72.00   87  15  8 0 0  0  1 |          0  7.626e+15  7.626e+15  1.671e+16     0        - release
 122  1  5.229e+15 2.288e+14  418  431 DEFEND 3 256   0   0  32  416 |  72.00   87  15  8 0 0  0  0 |          0  7.317e+15  7.317e+15  1.462e+16     0        - release
 123  1  5.220e+15 2.195e+14  418  429   REST 3 184   8  64   2  416 |  72.00   87  15  8 0 0  5  0 |  1.631e+14  3.866e+15  3.866e+15  1.581e+16     0        - cooldown
 124  1  5.116e+15 1.160e+14  418  431   REST 3 184   8  64   2  416 |  72.00   86  14  8 0 0  4  0 |  1.599e+14  3.801e+15  3.801e+15  1.696e+16     0        - cooldown
 125  1  5.114e+15 1.140e+14  418  432   REST 3 184   8  64   2  416 |  72.00   86  14  8 0 0  3  0 |  1.598e+14  3.808e+15  3.808e+15  1.811e+16     0        - cooldown
 126  1  5.114e+15 1.142e+14  418  433   REST 3 184   8  64   2  416 |  72.00   86  14  8 0 0  2  0 |  1.598e+14  3.817e+15  3.817e+15  1.925e+16     0        - cooldown
 127  1  5.115e+15 1.145e+14  418  433   REST 3 184   8  64   2  416 |  72.00   86  14  8 0 0  1  0 |  1.598e+14  3.826e+15  3.826e+15  2.038e+16     0        - cooldown
 128  1  5.115e+15 1.148e+14  418  434   REST 3 184   8  64   2  416 |  72.00   85  13  8 0 0  0  0 |  1.598e+14  3.835e+15  3.835e+15  2.149e+16     0        - cooldown
 129  1  5.115e+15 1.151e+14  418  434 CRUISE 3 184   8  64   2  416 |  72.00   85  13  8 0 0  0  0 |  1.598e+14  3.844e+15  3.844e+15  2.261e+16     0        - -
 130  1  5.115e+15 1.153e+14  418  435 CRUISE 3 184   8  64   2  416 |  72.00   85  13  8 0 0  0  0 |  1.599e+14  3.853e+15  3.853e+15  2.371e+16     0        - -
 131  1  5.116e+15 1.156e+14  418  435 CRUISE 3 184   8  64   2  416 |  72.00   85  13  8 0 0  0  0 |  1.599e+14  3.862e+15  3.862e+15  2.480e+16     0        - -
 132  1  5.116e+15 1.159e+14  418  436 CRUISE 3 184   8  64   2  416 |  72.00   84  12  8 0 0  0  0 |  1.599e+14  3.871e+15  3.871e+15  2.589e+16     0        - -
 133  1  5.116e+15 1.161e+14  418  436 CRUISE 3 184   8  64   2  416 |  72.00   84  12  8 0 0  0  0 |  1.599e+14  3.879e+15  3.879e+15  2.696e+16     0        - -
 134  1  5.116e+15 1.164e+14  418  436 CRUISE 3 184   8  64   2  416 |  72.00   84  12  8 0 0  0  0 |  1.599e+14  3.888e+15  3.888e+15  2.803e+16     0        - -
 135  1  5.117e+15 1.166e+14  418  437 CRUISE 3 184   8  64   2  416 |  72.00   84  12  8 0 0  0  0 |  1.599e+14  3.897e+15  3.897e+15  2.909e+16     0        - -
 136  1  5.117e+15 1.169e+14  418  437 CRUISE 3 184   8  64   2  416 |  72.00   83  11  8 0 0  0  0 |  1.599e+14  3.905e+15  3.905e+15  3.014e+16     0        - -
 137  1  5.117e+15 1.172e+14  418  438 CRUISE 3 184   8  64   2  416 |  72.00   83  11  8 0 0  0  0 |  1.599e+14  3.913e+15  3.913e+15  3.119e+16     0        - -
 138  1  5.117e+15 1.174e+14  418  438 CRUISE 3 184   8  64   2  416 |  72.00   83  11  8 0 0  0  0 |  1.599e+14  3.922e+15  3.922e+15  3.222e+16     0        - -
 139  1  5.118e+15 1.177e+14  418  439 CRUISE 3 184   8  64   2  416 |  72.00   83  11  8 0 0  0  0 |  1.599e+14  3.930e+15  3.930e+15  3.325e+16     0        - -
 140  1  5.118e+15 1.179e+14  418  439 CRUISE 3 184   8  64   2  416 |  72.00   82  10  8 0 0  0  0 |  1.599e+14  3.938e+15  3.938e+15  3.427e+16     0        - -
 141  1  5.118e+15 1.181e+14  418  440 CRUISE 3 184   8  64   2  416 |  72.00   82  10  8 0 0  0  0 |  1.599e+14  3.946e+15  3.946e+15  3.528e+16     0        - -
 142  1  5.118e+15 1.184e+14  418  440 CRUISE 3 184   8  64   2  416 |  72.00   82  10  8 0 0  0  0 |  1.599e+14  3.954e+15  3.954e+15  3.629e+16     0        - -
 143  1  5.119e+15 1.186e+14  418  441 CRUISE 3 184   8  64   2  416 |  72.00   82  10  8 0 0  0  0 |  1.600e+14  3.963e+15  3.963e+15  3.728e+16     0        - -
 144  1  5.119e+15 1.189e+14  418  441 CRUISE 3 184   8  64   2  416 |  72.00   81   9  8 0 0  0  0 |  1.600e+14  3.970e+15  3.970e+15  3.827e+16     0        - -
 145  1  5.119e+15 1.191e+14  418  441 CRUISE 3 184   8  64   2  416 |  72.00   81   9  8 0 0  0  0 |  1.600e+14  3.978e+15  3.978e+15  3.925e+16     0        - -
 146  1  5.119e+15 1.194e+14  418  441 CRUISE 3 184   8  64   2  416 |  72.00   81   9  8 0 0  0  0 |  1.600e+14  3.986e+15  3.986e+15  4.023e+16     0        - -
 147  1  5.120e+15 1.196e+14  418  441 CRUISE 3 184   8  64   2  416 |  72.00   81   9  8 0 0  0  0 |  1.600e+14  3.994e+15  3.994e+15  4.119e+16     0        - -
 148  1  5.120e+15 1.198e+14  418  442 CRUISE 3 184   8  64   2  416 |  72.00   80   8  8 0 0  0  0 |  1.600e+14  4.002e+15  4.002e+15  4.215e+16     0        - -

surge                  ep  148 settles  148  in 1.340e+18  allow   4.3%  bought  92.5%  left   3.2%  maxRes  43.6 ep  tier 3  clamp 0  {'CRUISE': 81, 'BANK': 7, 'DEFEND': 24, 'REST': 36}  [echo 2.9%]
