One epoch with 3 OKB of tax (a 100 OKB trade): the allowance ceiling binds.

  ep dt     inflow  TAX  RES   mode T buy alw res REL CEIL |      A   PK  dd LV W S CD TR |      allow     bought    reserve clamp flags
----------------------------------------------------------------------------------------------------------------------------------------
   1  1  5.000e+15  417    0 CRUISE 0 144  48  64   2  440 |  71.00   71   0  8 3 0  0  0 |  9.375e+14  2.812e+15  1.250e+15     0 warm
   2  1  5.000e+15  417  401 CRUISE 1 160  32  64   2  432 |  71.00   71   0  8 2 0  0  0 |  6.250e+14  3.135e+15  2.490e+15     0 tierup,warm
   3  1  5.000e+15  417  409 CRUISE 1 160  32  64   2  432 |  71.00   71   0  8 1 0  0  0 |  6.250e+14  3.144e+15  3.721e+15     0 warm
   4  1  5.000e+15  417  414 CRUISE 1 160  32  64   2  432 |  71.00   71   0  8 0 0  0  0 |  6.250e+14  3.154e+15  4.942e+15     0 warm
   5  1  5.000e+15  417  417 CRUISE 1 160  32  64   2  432 |  71.00   71   0  8 0 0  0  0 |  6.250e+14  3.164e+15  6.153e+15     0 -
   6  1  5.000e+15  417  419 CRUISE 1 160  32  64   2  432 |  71.00   71   0  8 0 0  0  0 |  6.250e+14  3.173e+15  7.355e+15     0 -
   7  1  5.000e+15  417  422 CRUISE 1 160  32  64   2  432 |  71.00   71   0  8 0 0  0  0 |  6.250e+14  3.182e+15  8.548e+15     0 -
   8  1  5.000e+15  417  424 CRUISE 1 160  32  64   2  432 |  71.00   71   0  8 0 0  0  0 |  6.250e+14  3.192e+15  9.731e+15     0 -
   9  1  5.000e+15  417  425 CRUISE 1 160  32  64   2  432 |  71.00   71   0  8 0 0  0  0 |  6.250e+14  3.201e+15  1.090e+16     0 -
  10  1  5.000e+15  417  426 CRUISE 1 160  32  64   2  432 |  71.00   71   0  8 0 0  0  0 |  6.250e+14  3.210e+15  1.207e+16     0 -
  11  1  5.000e+15  417  427 CRUISE 1 160  32  64   2  432 |  71.00   71   0  8 0 0  0  0 |  6.250e+14  3.219e+15  1.323e+16     0 -
  12  1  5.000e+15  417  428 CRUISE 1 160  32  64   2  432 |  71.00   71   0  8 0 0  0  0 |  6.250e+14  3.228e+15  1.437e+16     0 -
  13  1  5.000e+15  417  429 CRUISE 1 160  32  64   2  432 |  71.00   71   0  8 0 0  0  0 |  6.250e+14  3.237e+15  1.551e+16     0 -
  14  1  5.000e+15  417  430 CRUISE 1 160  32  64   2  432 |  71.00   71   0  8 0 0  0  0 |  6.250e+14  3.246e+15  1.664e+16     0 -
  15  1  5.000e+15  417  431 CRUISE 1 160  32  64   2  432 |  71.00   71   0  8 0 0  0  0 |  6.250e+14  3.255e+15  1.776e+16     0 -
  16  1  5.000e+15  417  432 CRUISE 1 160  32  64   2  432 |  71.00   71   0  8 0 0  0  0 |  6.250e+14  3.264e+15  1.887e+16     0 -
  17  1  5.000e+15  417  433 CRUISE 1 160  32  64   2  432 |  71.00   71   0  8 0 0  0  0 |  6.250e+14  3.272e+15  1.997e+16     0 -
  18  1  5.000e+15  417  433 CRUISE 1 160  32  64   2  432 |  71.00   71   0  8 0 0  0  0 |  6.250e+14  3.281e+15  2.107e+16     0 -
  19  1  5.000e+15  417  434 CRUISE 1 160  32  64   2  432 |  71.00   71   0  8 0 0  0  0 |  6.250e+14  3.290e+15  2.215e+16     0 -
  20  1  5.000e+15  417  434 CRUISE 2 176  16  64   2  424 |  71.00   71   0  8 0 0  0  0 |  3.125e+14  3.611e+15  2.323e+16     0 tierup
  21  1  5.000e+15  417  435 CRUISE 2 176  16  64   2  424 |  71.00   71   0  8 0 0  0  0 |  3.125e+14  3.619e+15  2.430e+16     0 -
  22  1  5.000e+15  417  435 CRUISE 2 176  16  64   2  424 |  71.00   71   0  8 0 0  0  0 |  3.125e+14  3.627e+15  2.536e+16     0 -
  23  1  5.000e+15  417  436 CRUISE 2 176  16  64   2  424 |  71.00   71   0  8 0 0  0  0 |  3.125e+14  3.636e+15  2.641e+16     0 -
  24  1  5.000e+15  417  436 CRUISE 2 176  16  64   2  424 |  71.00   71   0  8 0 0  0  0 |  3.125e+14  3.644e+15  2.745e+16     0 -
  25  1  5.000e+15  417  437 CRUISE 2 176  16  64   2  424 |  71.00   71   0  8 0 0  0  0 |  3.125e+14  3.652e+15  2.849e+16     0 -
  26  1  5.000e+15  417  437 CRUISE 2 176  16  64   2  424 |  71.00   71   0  8 0 0  0  0 |  3.125e+14  3.660e+15  2.952e+16     0 -
  27  1  5.000e+15  417  438 CRUISE 2 176  16  64   2  424 |  71.00   71   0  8 0 0  0  0 |  3.125e+14  3.668e+15  3.054e+16     0 -
  28  1  5.000e+15  417  438 CRUISE 2 176  16  64   2  424 |  71.00   71   0  8 0 0  0  0 |  3.125e+14  3.676e+15  3.155e+16     0 -
  29  1  5.000e+15  417  439 CRUISE 2 176  16  64   2  424 |  71.00   71   0  8 0 0  0  0 |  3.125e+14  3.684e+15  3.255e+16     0 -
  30  1  5.000e+15  417  439 CRUISE 2 176  16  64   2  424 |  71.00   71   0  8 0 0  0  0 |  3.125e+14  3.692e+15  3.355e+16     0 -
  31  1  5.000e+15  417  439 CRUISE 2 176  16  64   2  424 |  71.00   71   0  8 0 0  0  0 |  3.125e+14  3.700e+15  3.453e+16     0 -
  32  1  5.000e+15  417  440 CRUISE 2 176  16  64   2  424 |  71.00   71   0  8 0 0  0  0 |  3.125e+14  3.707e+15  3.551e+16     0 -
  33  1  5.000e+15  417  440 CRUISE 2 176  16  64   2  424 |  71.00   71   0  8 0 0  0  0 |  3.125e+14  3.715e+15  3.649e+16     0 -
  34  1  5.000e+15  417  441 CRUISE 2 176  16  64   2  424 |  71.00   71   0  8 0 0  0  0 |  3.125e+14  3.723e+15  3.745e+16     0 -
  35  1  5.000e+15  417  441 CRUISE 2 176  16  64   2  424 |  71.00   71   0  8 0 0  0  0 |  3.125e+14  3.730e+15  3.841e+16     0 -
  36  1  5.000e+15  417  441 CRUISE 2 176  16  64   2  424 |  71.00   71   0  8 0 0  0  0 |  3.125e+14  3.738e+15  3.936e+16     0 -
  37  1  5.000e+15  417  441 CRUISE 2 176  16  64   2  424 |  71.00   71   0  8 0 0  0  0 |  3.125e+14  3.745e+15  4.030e+16     0 -
  38  1  5.000e+15  417  441 CRUISE 2 176  16  64   2  424 |  71.00   71   0  8 0 0  0  0 |  3.125e+14  3.752e+15  4.124e+16     0 -
  39  1  5.000e+15  417  442 CRUISE 2 176  16  64   2  424 |  71.00   71   0  8 0 0  0  0 |  3.125e+14  3.760e+15  4.216e+16     0 -
  40  1  5.000e+15  417  442 CRUISE 2 176  16  64   2  424 |  71.00   71   0  8 0 0  0  0 |  3.125e+14  3.767e+15  4.309e+16     0 -
  41  1  3.000e+18  491  442   BANK 3  60   4 192   2  416 |  89.50   89   0  8 0 2  0  0 |  4.222e+15  7.035e+17  2.335e+18     0 surge,tierup
  42  1  5.000e+15  417  489   BANK 3 124   4 128   2  416 |  86.50   89   3  8 0 1  0  0 |  7.812e+13  2.067e+16  2.320e+18     0 dip
  43  1  5.000e+15  417  489 DEFEND 3 256   0   0  32  416 |  83.50   89   6  8 0 0  0  3 |          0  2.950e+17  2.030e+18     0 dip,release
  44  1  5.000e+15  417  487 DEFEND 3 256   0   0  32  416 |  80.50   88   8  8 0 0  0  2 |          0  2.587e+17  1.776e+18     0 dip,release
  45  1  5.000e+15  417  485 DEFEND 3 256   0   0  32  416 |  78.00   88  10  8 0 0  0  1 |          0  2.270e+17  1.554e+18     0 dip,release
  46  1  5.000e+15  417  483 DEFEND 3 256   0   0  32  416 |  76.25   88  12  8 0 0  0  0 |          0  1.992e+17  1.360e+18     0 release
  47  1  5.000e+15  417  482   REST 3 184   8  64   2  416 |  74.75   88  14  8 0 0  5  0 |  1.562e+14  1.422e+16  1.350e+18     0 cooldown
  48  1  5.000e+15  417  482   REST 3 184   8  64   2  416 |  73.75   87  14  8 0 0  4  0 |  1.562e+14  1.414e+16  1.341e+18     0 cooldown
  49  1  5.000e+15  417  482   REST 3 184   8  64   2  416 |  73.00   87  14  8 0 0  3  0 |  1.562e+14  1.407e+16  1.332e+18     0 cooldown
  50  1  5.000e+15  417  482   REST 3 184   8  64   2  416 |  72.50   87  15  8 0 0  2  0 |  1.562e+14  1.400e+16  1.323e+18     0 cooldown
  51  1  5.000e+15  417  482   REST 3 184   8  64   2  416 |  72.00   87  15  8 0 0  1  0 |  1.562e+14  1.393e+16  1.314e+18     0 cooldown
  52  1  5.000e+15  417  482   REST 3 184   8  64   2  416 |  71.75   86  15  8 0 0  0  0 |  1.562e+14  1.386e+16  1.305e+18     0 cooldown
  53  1  5.000e+15  417  482 CRUISE 3 184   8  64   2  416 |  71.50   86  15  8 0 0  0  0 |  1.562e+14  1.379e+16  1.296e+18     0 -
  54  1  5.000e+15  417  481 CRUISE 3 184   8  64   2  416 |  71.25   86  15  8 0 0  0  0 |  1.562e+14  1.372e+16  1.287e+18     0 -
  55  1  5.000e+15  417  481 CRUISE 3 184   8  64   2  416 |  71.00   86  15  8 0 0  0  0 |  1.562e+14  1.365e+16  1.278e+18     0 -
  56  1  5.000e+15  417  481 CRUISE 3 184   8  64   2  416 |  71.00   85  14  8 0 0  0  0 |  1.562e+14  1.358e+16  1.269e+18     0 -
  57  1  5.000e+15  417  481 CRUISE 3 184   8  64   2  416 |  71.00   85  14  8 0 0  0  0 |  1.562e+14  1.351e+16  1.261e+18     0 -
  58  1  5.000e+15  417  481 CRUISE 3 184   8  64   2  416 |  71.00   85  14  8 0 0  0  0 |  1.562e+14  1.344e+16  1.252e+18     0 -
  59  1  5.000e+15  417  481 CRUISE 3 184   8  64   2  416 |  71.00   85  14  8 0 0  0  0 |  1.562e+14  1.337e+16  1.243e+18     0 -
  60  1  5.000e+15  417  481 CRUISE 3 184   8  64   2  416 |  71.00   84  13  8 0 0  0  0 |  1.562e+14  1.331e+16  1.235e+18     0 -
  61  1  5.000e+15  417  481 CRUISE 3 184   8  64   2  416 |  71.00   84  13  8 0 0  0  0 |  1.562e+14  1.324e+16  1.227e+18     0 -
  62  1  5.000e+15  417  481 CRUISE 3 184   8  64   2  416 |  71.00   84  13  8 0 0  0  0 |  1.562e+14  1.318e+16  1.218e+18     0 -
  63  1  5.000e+15  417  481 CRUISE 3 184   8  64   2  416 |  71.00   84  13  8 0 0  0  0 |  1.562e+14  1.311e+16  1.210e+18     0 -
  64  1  5.000e+15  417  481 CRUISE 3 184   8  64   2  416 |  71.00   83  12  8 0 0  0  0 |  1.562e+14  1.305e+16  1.202e+18     0 -
  65  1  5.000e+15  417  481 CRUISE 3 184   8  64   2  416 |  71.00   83  12  8 0 0  0  0 |  1.562e+14  1.298e+16  1.194e+18     0 -
  66  1  5.000e+15  417  481 CRUISE 3 184   8  64   2  416 |  71.00   83  12  8 0 0  0  0 |  1.562e+14  1.292e+16  1.186e+18     0 -
  67  1  5.000e+15  417  481 CRUISE 3 184   8  64   2  416 |  71.00   83  12  8 0 0  0  0 |  1.562e+14  1.286e+16  1.178e+18     0 -
  68  1  5.000e+15  417  481 CRUISE 3 184   8  64   2  416 |  71.00   82  11  8 0 0  0  0 |  1.562e+14  1.279e+16  1.170e+18     0 -
  69  1  5.000e+15  417  481 CRUISE 3 184   8  64   2  416 |  71.00   82  11  8 0 0  0  0 |  1.562e+14  1.273e+16  1.162e+18     0 -
  70  1  5.000e+15  417  481 CRUISE 3 184   8  64   2  416 |  71.00   82  11  8 0 0  0  0 |  1.562e+14  1.267e+16  1.154e+18     0 -
  71  1  5.000e+15  417  481 CRUISE 3 184   8  64   2  416 |  71.00   82  11  8 0 0  0  0 |  1.562e+14  1.261e+16  1.146e+18     0 -
  72  1  5.000e+15  417  480 CRUISE 3 184   8  64   2  416 |  71.00   81  10  8 0 0  0  0 |  1.562e+14  1.255e+16  1.138e+18     0 -
  73  1  5.000e+15  417  480 CRUISE 3 184   8  64   2  416 |  71.00   81  10  8 0 0  0  0 |  1.562e+14  1.249e+16  1.131e+18     0 -
  74  1  5.000e+15  417  480 CRUISE 3 184   8  64   2  416 |  71.00   81  10  8 0 0  0  0 |  1.562e+14  1.243e+16  1.123e+18     0 -
  75  1  5.000e+15  417  480 CRUISE 3 184   8  64   2  416 |  71.00   81  10  8 0 0  0  0 |  1.562e+14  1.237e+16  1.116e+18     0 -
  76  1  5.000e+15  417  480 CRUISE 3 184   8  64   2  416 |  71.00   80   9  8 0 0  0  0 |  1.562e+14  1.231e+16  1.108e+18     0 -
  77  1  5.000e+15  417  480 CRUISE 3 184   8  64   2  416 |  71.00   80   9  8 0 0  0  0 |  1.562e+14  1.225e+16  1.101e+18     0 -
  78  1  5.000e+15  417  480 CRUISE 3 184   8  64   2  416 |  71.00   80   9  8 0 0  0  0 |  1.562e+14  1.219e+16  1.093e+18     0 -
  79  1  5.000e+15  417  480 CRUISE 3 184   8  64   2  416 |  71.00   80   9  8 0 0  0  0 |  1.562e+14  1.214e+16  1.086e+18     0 -
  80  1  5.000e+15  417  480 CRUISE 3 184   8  64   2  416 |  71.00   79   8  8 0 0  0  0 |  1.562e+14  1.208e+16  1.079e+18     0 -
  81  1  5.000e+15  417  479 CRUISE 3 184   8  64   2  416 |  71.00   79   8  8 0 0  0  0 |  1.562e+14  1.202e+16  1.072e+18     0 -
  82  1  5.000e+15  417  479 CRUISE 3 184   8  64   2  416 |  71.00   79   8  8 0 0  0  0 |  1.562e+14  1.197e+16  1.065e+18     0 -
  83  1  5.000e+15  417  479 CRUISE 3 184   8  64   2  416 |  71.00   79   8  8 0 0  0  0 |  1.562e+14  1.191e+16  1.058e+18     0 -
  84  1  5.000e+15  417  479 CRUISE 3 184   8  64   2  416 |  71.00   78   7  8 0 0  0  0 |  1.562e+14  1.186e+16  1.051e+18     0 -
  85  1  5.000e+15  417  479 CRUISE 3 184   8  64   2  416 |  71.00   78   7  8 0 0  0  0 |  1.562e+14  1.180e+16  1.044e+18     0 -
  86  1  5.000e+15  417  479 CRUISE 3 184   8  64   2  416 |  71.00   78   7  8 0 0  0  0 |  1.562e+14  1.175e+16  1.037e+18     0 -
  87  1  5.000e+15  417  479 CRUISE 3 184   8  64   2  416 |  71.00   78   7  8 0 0  0  0 |  1.562e+14  1.169e+16  1.030e+18     0 -
  88  1  5.000e+15  417  479 CRUISE 3 184   8  64   2  416 |  71.00   77   6  8 0 0  0  0 |  1.562e+14  1.164e+16  1.023e+18     0 -
  89  1  5.000e+15  417  479 CRUISE 3 184   8  64   2  416 |  71.00   77   6  8 0 0  0  0 |  1.562e+14  1.159e+16  1.016e+18     0 -
  90  1  5.000e+15  417  479 CRUISE 3 184   8  64   2  416 |  71.00   77   6  8 0 0  0  0 |  1.562e+14  1.153e+16  1.010e+18     0 -
  91  1  5.000e+15  417  479 CRUISE 3 184   8  64   2  416 |  71.00   77   6  8 0 0  0  0 |  1.562e+14  1.148e+16  1.003e+18     0 -
  92  1  5.000e+15  417  478 CRUISE 3 184   8  64   2  416 |  71.00   76   5  8 0 0  0  0 |  1.562e+14  1.143e+16  9.964e+17     0 -
  93  1  5.000e+15  417  478 CRUISE 3 184   8  64   2  416 |  71.00   76   5  8 0 0  0  0 |  1.562e+14  1.138e+16  9.898e+17     0 -
  94  1  5.000e+15  417  478 CRUISE 3 184   8  64   2  416 |  71.00   76   5  8 0 0  0  0 |  1.562e+14  1.133e+16  9.834e+17     0 -
  95  1  5.000e+15  417  478 CRUISE 3 184   8  64   2  416 |  71.00   76   5  8 0 0  0  0 |  1.562e+14  1.128e+16  9.769e+17     0 -
  96  1  5.000e+15  417  478 CRUISE 3 184   8  64   2  416 |  71.00   75   4  8 0 0  0  0 |  1.562e+14  1.123e+16  9.705e+17     0 -
  97  1  5.000e+15  417  478 CRUISE 3 184   8  64   2  416 |  71.00   75   4  8 0 0  0  0 |  1.562e+14  1.118e+16  9.642e+17     0 -
  98  1  5.000e+15  417  478 CRUISE 3 184   8  64   2  416 |  71.00   75   4  8 0 0  0  0 |  1.562e+14  1.113e+16  9.579e+17     0 -
  99  1  5.000e+15  417  478 CRUISE 3 184   8  64   2  416 |  71.00   75   4  8 0 0  0  0 |  1.562e+14  1.108e+16  9.517e+17     0 -
 100  1  5.000e+15  417  478 CRUISE 3 184   8  64   2  416 |  71.00   74   3  8 0 0  0  0 |  1.562e+14  1.103e+16  9.455e+17     0 -
 101  1  5.000e+15  417  478 CRUISE 3 184   8  64   2  416 |  71.00   74   3  8 0 0  0  0 |  1.562e+14  1.098e+16  9.394e+17     0 -

whale                  ep  101 settles  101  in 3.500e+18  allow   0.9%  bought  72.3%  left  26.8%  maxRes  67.4 ep  tier 3  clamp 0  {'CRUISE': 89, 'BANK': 2, 'DEFEND': 4, 'REST': 6}
