One epoch with 0.01 OKB of tax, then no outside trading. The shortest trace in which one input word is answered with two different routes.

  ep dt     inflow      echo  TAX  RES   mode T buy alw res REL CEIL |      A   PK  dd LV W S CD TR |      allow    decided     bought    reserve clamp   kernel flags
----------------------------------------------------------------------------------------------------------------------------------------------------------------------
   1  1  1.000e+16         0  425    0 CRUISE 1 160  32  64   2  432 |  79.00   79   0  8 3 0  0  0 |  1.250e+15  6.250e+15  6.250e+15  2.500e+15     0        - tierup,warm
   2  1  1.875e+14 1.875e+14  379  409 CRUISE 1 160  32  64   2  432 |  76.00   79   3  8 2 0  0  0 |  2.344e+13  1.367e+14  1.367e+14  2.527e+15     0        - dip,warm
   3  1  4.102e+12 4.102e+12  335  409 CRUISE 1 160  32  64   2  432 |  73.00   79   6  7 1 0  0  0 |  5.127e+11  2.231e+13  2.231e+13  2.509e+15     0        - dip,quiet,warm
   4  1  6.693e+11 6.693e+11  314  409 CRUISE 1 160  32  64   2  432 |  70.00   78   8  6 0 0  0  0 |  8.366e+10  2.002e+13  2.002e+13  2.489e+15     0        - dip,quiet,warm
   5  1  6.005e+11 6.005e+11  313  409 CRUISE 1 160  32  64   2  432 |  67.00   78  11  5 0 0  0  0 |  7.506e+10  1.982e+13  1.982e+13  2.470e+15     0        - dip,quiet
   6  1  5.947e+11 5.947e+11  313  409 CRUISE 1 160  32  64   2  432 |  64.00   78  14  4 0 0  0  0 |  7.433e+10  1.967e+13  1.967e+13  2.451e+15     0        - dip,quiet
   7  1  5.900e+11 5.900e+11  313  409 DEFEND 1 256   0   0  34  432 |  61.00   78  17  3 0 0  0  3 |          0  3.261e+14  3.261e+14  2.125e+15     0        - dip,quiet,release
   8  1  9.782e+12 9.782e+12  345  408 DEFEND 1 256   0   0  38  432 |  58.00   77  19  2 0 0  0  2 |          0  3.253e+14  3.253e+14  1.810e+15     0        - dip,quiet,release
   9  1  9.758e+12 9.758e+12  345  405 DEFEND 1 256   0   0  44  432 |  55.00   77  22  1 0 0  0  1 |          0  3.208e+14  3.208e+14  1.499e+15     0        - dip,quiet,release
  10  1  9.624e+12 9.624e+12  345  403 DEFEND 1 256   0   0  50  432 |  52.00   77  25  0 0 0  0  0 |          0  3.023e+14  3.023e+14  1.206e+15     0        - dip,quiet,release
  11  1  9.070e+12 9.070e+12  345  401   REST 1 160  32  64   2  432 |  49.00   77  28  0 0 0  5  0 |  1.134e+12  1.509e+13  1.509e+13  1.199e+15     0        - quiet,cooldown
  12  1  4.527e+11 4.527e+11  310  401   REST 1 160  32  64   2  432 |  46.00   76  30  0 0 0  4  0 |  5.659e+10  9.649e+12  9.649e+12  1.190e+15     0        - quiet,cooldown
  13  1  2.895e+11 2.895e+11  305  401   REST 1 160  32  64   2  432 |  43.00   76  33  0 0 0  3  0 |  3.618e+10  9.475e+12  9.475e+12  1.180e+15     0        - quiet,cooldown
  14  1  2.842e+11 2.842e+11  305  401   REST 1 160  32  64   2  432 |  40.00   76  36  0 0 0  2  0 |  3.553e+10  9.399e+12  9.399e+12  1.171e+15     0        - quiet,cooldown
  15  1  2.820e+11 2.820e+11  305  401   REST 1 160  32  64   2  432 |  37.00   76  39  0 0 0  1  0 |  3.525e+10  9.326e+12  9.326e+12  1.162e+15     0        - quiet,cooldown
  16  1  2.798e+11 2.798e+11  305  401   REST 1 160  32  64   2  432 |  34.00   75  41  0 0 0  0  0 |  3.497e+10  9.254e+12  9.254e+12  1.153e+15     0        - quiet,cooldown
  17  1  2.776e+11 2.776e+11  305  401 DEFEND 1 256   0   0  64  432 |  31.00   75  44  0 0 0  0  3 |          0  2.886e+14  2.886e+14  8.649e+14     0        - quiet,release
  18  1  8.657e+12 8.657e+12  344  397 DEFEND 1 256   0   0  64  432 |  28.00   75  47  0 0 0  0  2 |          0  2.249e+14  2.249e+14  6.486e+14     0        - quiet,release
  19  1  6.746e+12 6.746e+12  341  394 DEFEND 1 256   0   0  64  432 |  25.00   75  50  0 0 0  0  1 |          0  1.689e+14  1.689e+14  4.865e+14     0        - quiet,release
  20  1  5.067e+12 5.067e+12  338  390 DEFEND 1 256   0   0  64  432 |  22.00   74  52  0 0 0  0  0 |          0  1.267e+14  1.267e+14  3.649e+14     0        - quiet,release
  21  1  3.801e+12 3.801e+12  334  387   REST 1 160  32  64   2  432 |  19.00   74  55  0 0 0  5  0 |  4.751e+11  5.226e+12  5.226e+12  3.630e+14     0        - quiet,cooldown
  22  1  1.568e+11 1.568e+11  298  387   REST 1 160  32  64   2  432 |  16.00   74  58  0 0 0  4  0 |  1.960e+10  2.934e+12  2.934e+12  3.602e+14     0        - quiet,cooldown
  23  1  8.801e+10 8.801e+10  291  387   REST 1 160  32  64   2  432 |  13.00   74  61  0 0 0  3  0 |  1.100e+10  2.869e+12  2.869e+12  3.574e+14     0        - quiet,cooldown
  24  1  8.606e+10 8.606e+10  291  387   REST 1 160  32  64   2  432 |  10.00   73  63  0 0 0  2  0 |  1.076e+10  2.846e+12  2.846e+12  3.546e+14     0        - quiet,cooldown
  25  1  8.537e+10 8.537e+10  290  387   REST 1 160  32  64   2  432 |   7.50   73  66  0 0 0  1  0 |  1.067e+10  2.824e+12  2.824e+12  3.519e+14     0        - quiet,cooldown
  26  1  8.471e+10 8.471e+10  290  387   REST 1 160  32  64   2  432 |   5.50   73  68  0 0 0  0  0 |  1.059e+10  2.802e+12  2.802e+12  3.491e+14     0        - quiet,cooldown
  27  1  8.405e+10 8.405e+10  290  386   IDLE 1 160  32  64   2  432 |   4.00   73  69  0 0 0  0  0 |  1.051e+10  2.780e+12  2.780e+12  3.464e+14     0        - quiet
  28  1  8.340e+10 8.340e+10  290  386   IDLE 1 160  32  64   2  432 |   3.00   72  69  0 0 0  0  0 |  1.043e+10  2.759e+12  2.759e+12  3.437e+14     0        - quiet
  29  1  8.276e+10 8.276e+10  290  386   IDLE 1 160  32  64   2  432 |   2.25   72  70  0 0 0  0  0 |  1.034e+10  2.737e+12  2.737e+12  3.411e+14     0        - quiet
  30  1  8.211e+10 8.211e+10  290  386   IDLE 1 160  32  64   2  432 |   1.50   72  71  0 0 0  0  0 |  1.026e+10  2.716e+12  2.716e+12  3.384e+14     0        - quiet
  31  1  8.148e+10 8.148e+10  290  386   IDLE 1 160  32  64   2  432 |   1.00   72  71  0 0 0  0  0 |  1.018e+10  2.695e+12  2.695e+12  3.358e+14     0        - quiet

witness                ep   31 settles   31  in 1.000e+16  allow  12.8%  bought  83.9%  left   3.4%  maxRes   7.8 ep  tier 1  clamp 0  {'IDLE': 5, 'CRUISE': 6, 'DEFEND': 8, 'REST': 12}  [echo 2.6%]
